@19/5/1997
@14:17:43
#No Title
 2.5000000000E+02
 0.0000000000E+00
 2.5100000000E+02
 0.0000000000E+00
 2.5200000000E+02
 0.0000000000E+00
 2.5300000000E+02
 0.0000000000E+00
 2.5400000000E+02
 0.0000000000E+00
 2.5500000000E+02
 0.0000000000E+00
 2.5600000000E+02
 0.0000000000E+00
 2.5700000000E+02
 0.0000000000E+00
 2.5800000000E+02
 0.0000000000E+00
 2.5900000000E+02
 0.0000000000E+00
 2.6000000000E+02
 0.0000000000E+00
 2.6100000000E+02
 0.0000000000E+00
 2.6200000000E+02
 0.0000000000E+00
 2.6300000000E+02
 0.0000000000E+00
 2.6400000000E+02
 0.0000000000E+00
 2.6500000000E+02
 0.0000000000E+00
 2.6600000000E+02
 0.0000000000E+00
 2.6700000000E+02
 0.0000000000E+00
 2.6800000000E+02
 0.0000000000E+00
 2.6900000000E+02
 0.0000000000E+00
 2.7000000000E+02
 0.0000000000E+00
 2.7100000000E+02
 0.0000000000E+00
 2.7200000000E+02
 0.0000000000E+00
 2.7300000000E+02
 0.0000000000E+00
 2.7400000000E+02
 0.0000000000E+00
 2.7500000000E+02
 0.0000000000E+00
 2.7600000000E+02
 0.0000000000E+00
 2.7700000000E+02
 0.0000000000E+00
 2.7800000000E+02
 0.0000000000E+00
 2.7900000000E+02
 0.0000000000E+00
 2.8000000000E+02
 0.0000000000E+00
 2.8100000000E+02
 0.0000000000E+00
 2.8200000000E+02
 0.0000000000E+00
 2.8300000000E+02
 0.0000000000E+00
 2.8400000000E+02
 0.0000000000E+00
 2.8500000000E+02
 0.0000000000E+00
 2.8600000000E+02
 0.0000000000E+00
 2.8700000000E+02
 0.0000000000E+00
 2.8800000000E+02
 0.0000000000E+00
 2.8900000000E+02
 0.0000000000E+00
 2.9000000000E+02
 0.0000000000E+00
 2.9100000000E+02
 0.0000000000E+00
 2.9200000000E+02
 0.0000000000E+00
 2.9300000000E+02
 1.6959435677E-04
 2.9400000000E+02
 5.4424283241E-04
 2.9500000000E+02
 1.2772639308E-03
 2.9600000000E+02
 2.5148532071E-03
 2.9700000000E+02
 4.3201556120E-03
 2.9800000000E+02
 6.0779975324E-03
 2.9900000000E+02
 7.5461741384E-03
 3.0000000000E+02
 9.0283242068E-03
 3.0100000000E+02
 1.1806039234E-02
 3.0200000000E+02
 1.3648593813E-02
 3.0300000000E+02
 1.4155480229E-02
 3.0400000000E+02
 1.4174875898E-02
 3.0500000000E+02
 1.4548747745E-02
 3.0600000000E+02
 1.5081328471E-02
 3.0700000000E+02
 1.5492888066E-02
 3.0800000000E+02
 1.5786331867E-02
 3.0900000000E+02
 1.5959660609E-02
 3.1000000000E+02
 1.6211203017E-02
 3.1100000000E+02
 1.6322765612E-02
 3.1200000000E+02
 1.9231797784E-02
 3.1300000000E+02
 2.3106389860E-02
 3.1400000000E+02
 1.8606965437E-02
 3.1500000000E+02
 1.6287489309E-02
 3.1600000000E+02
 1.5823839829E-02
 3.1700000000E+02
 1.5516782648E-02
 3.1800000000E+02
 1.5290287441E-02
 3.1900000000E+02
 1.5023264358E-02
 3.2000000000E+02
 1.4486691513E-02
 3.2100000000E+02
 1.4339268305E-02
 3.2200000000E+02
 1.3936397007E-02
 3.2300000000E+02
 1.3480716844E-02
 3.2400000000E+02
 1.3112811101E-02
 3.2500000000E+02
 1.2649631405E-02
 3.2600000000E+02
 1.2178700635E-02
 3.2700000000E+02
 1.1706050448E-02
 3.2800000000E+02
 1.1184681850E-02
 3.2900000000E+02
 1.0658920926E-02
 3.3000000000E+02
 1.0137741094E-02
 3.3100000000E+02
 9.5716731854E-03
 3.3200000000E+02
 9.1526097905E-03
 3.3300000000E+02
 8.8452479840E-03
 3.3400000000E+02
 8.8882527554E-03
 3.3500000000E+02
 8.0026774278E-03
 3.3600000000E+02
 7.3131072832E-03
 3.3700000000E+02
 6.7927235146E-03
 3.3800000000E+02
 6.3268990162E-03
 3.3900000000E+02
 5.9455824188E-03
 3.4000000000E+02
 5.5615943817E-03
 3.4100000000E+02
 5.1933178047E-03
 3.4200000000E+02
 4.6946572279E-03
 3.4300000000E+02
 4.6644901309E-03
 3.4400000000E+02
 4.4466453524E-03
 3.4500000000E+02
 4.1484981606E-03
 3.4600000000E+02
 3.8229375952E-03
 3.4700000000E+02
 3.5268644642E-03
 3.4800000000E+02
 3.2481226744E-03
 3.4900000000E+02
 2.9908883350E-03
 3.5000000000E+02
 2.7841862661E-03
 3.5100000000E+02
 2.5763495880E-03
 3.5200000000E+02
 2.3709656471E-03
 3.5300000000E+02
 2.1940961710E-03
 3.5400000000E+02
 2.0217870066E-03
 3.5500000000E+02
 1.8785811279E-03
 3.5600000000E+02
 1.7308997411E-03
 3.5700000000E+02
 1.5921668963E-03
 3.5800000000E+02
 1.4725770732E-03
 3.5900000000E+02
 1.3660178575E-03
 3.6000000000E+02
 1.2658751550E-03
 3.6100000000E+02
 1.1752790717E-03
 3.6200000000E+02
 1.0980092838E-03
 3.6300000000E+02
 1.0749349267E-03
 3.6400000000E+02
 3.3347337855E-03
 3.6500000000E+02
 1.2706094484E-02
 3.6600000000E+02
 2.4027148360E-03
 3.6700000000E+02
 1.9841555511E-03
 3.6800000000E+02
 1.1343731871E-03
 3.6900000000E+02
 7.7135296416E-04
 3.7000000000E+02
 6.2792784111E-04
 3.7100000000E+02
 5.5453988557E-04
 3.7200000000E+02
 4.8810407229E-04
 3.7300000000E+02
 4.4710758300E-04
 3.7400000000E+02
 4.0749181765E-04
 3.7500000000E+02
 3.7854635308E-04
 3.7600000000E+02
 3.5568006454E-04
 3.7700000000E+02
 3.2800725890E-04
 3.7800000000E+02
 3.1660528033E-04
 3.7900000000E+02
 2.9467438129E-04
 3.8000000000E+02
 2.8050185286E-04
 3.8100000000E+02
 2.5945371980E-04
 3.8200000000E+02
 2.4989415874E-04
 3.8300000000E+02
 2.3683343108E-04
 3.8400000000E+02
 2.2952711718E-04
 3.8500000000E+02
 2.1435981079E-04
 3.8600000000E+02
 2.0957160264E-04
 3.8700000000E+02
 1.9890130182E-04
 3.8800000000E+02
 1.9298249185E-04
 3.8900000000E+02
 1.8575173165E-04
 3.9000000000E+02
 2.0209770921E-04
 3.9100000000E+02
 2.0697608508E-04
 3.9200000000E+02
 1.8510696471E-04
 3.9300000000E+02
 1.7048073870E-04
 3.9400000000E+02
 1.6977675028E-04
 3.9500000000E+02
 1.7196858380E-04
 3.9600000000E+02
 1.6950158103E-04
 3.9700000000E+02
 1.5693327013E-04
 3.9800000000E+02
 1.6016457328E-04
 3.9900000000E+02
 1.5866331779E-04
 4.0000000000E+02
 1.5292083121E-04
