@19/5/1997
@19:16:56
#No Title
 2.5000000000E+02
 0.0000000000E+00
 2.5100000000E+02
 0.0000000000E+00
 2.5200000000E+02
 0.0000000000E+00
 2.5300000000E+02
 0.0000000000E+00
 2.5400000000E+02
 0.0000000000E+00
 2.5500000000E+02
 0.0000000000E+00
 2.5600000000E+02
 0.0000000000E+00
 2.5700000000E+02
 0.0000000000E+00
 2.5800000000E+02
 0.0000000000E+00
 2.5900000000E+02
 0.0000000000E+00
 2.6000000000E+02
 0.0000000000E+00
 2.6100000000E+02
 0.0000000000E+00
 2.6200000000E+02
 0.0000000000E+00
 2.6300000000E+02
 0.0000000000E+00
 2.6400000000E+02
 0.0000000000E+00
 2.6500000000E+02
 0.0000000000E+00
 2.6600000000E+02
 0.0000000000E+00
 2.6700000000E+02
 0.0000000000E+00
 2.6800000000E+02
 0.0000000000E+00
 2.6900000000E+02
 0.0000000000E+00
 2.7000000000E+02
 0.0000000000E+00
 2.7100000000E+02
 0.0000000000E+00
 2.7200000000E+02
 0.0000000000E+00
 2.7300000000E+02
 0.0000000000E+00
 2.7400000000E+02
 0.0000000000E+00
 2.7500000000E+02
 0.0000000000E+00
 2.7600000000E+02
 0.0000000000E+00
 2.7700000000E+02
 0.0000000000E+00
 2.7800000000E+02
 0.0000000000E+00
 2.7900000000E+02
 0.0000000000E+00
 2.8000000000E+02
 0.0000000000E+00
 2.8100000000E+02
 0.0000000000E+00
 2.8200000000E+02
 0.0000000000E+00
 2.8300000000E+02
 0.0000000000E+00
 2.8400000000E+02
 0.0000000000E+00
 2.8500000000E+02
 0.0000000000E+00
 2.8600000000E+02
 0.0000000000E+00
 2.8700000000E+02
 0.0000000000E+00
 2.8800000000E+02
 0.0000000000E+00
 2.8900000000E+02
 0.0000000000E+00
 2.9000000000E+02
 0.0000000000E+00
 2.9100000000E+02
 0.0000000000E+00
 2.9200000000E+02
 0.0000000000E+00
 2.9300000000E+02
 2.9429608969E-04
 2.9400000000E+02
 1.0028178116E-03
 2.9500000000E+02
 2.6852714136E-03
 2.9600000000E+02
 5.9451129817E-03
 2.9700000000E+02
 1.6977453633E-02
 2.9800000000E+02
 2.2146951793E-02
 2.9900000000E+02
 2.9302676200E-02
 3.0000000000E+02
 3.6142172065E-02
 3.0100000000E+02
 4.2548965400E-02
 3.0200000000E+02
 4.9452781693E-02
 3.0300000000E+02
 5.4077635252E-02
 3.0400000000E+02
 5.6881817108E-02
 3.0500000000E+02
 5.9542097251E-02
 3.0600000000E+02
 6.2288563745E-02
 3.0700000000E+02
 6.4575769918E-02
 3.0800000000E+02
 6.6258742919E-02
 3.0900000000E+02
 6.7481608445E-02
 3.1000000000E+02
 6.8404414847E-02
 3.1100000000E+02
 6.9276361066E-02
 3.1200000000E+02
 7.6054906572E-02
 3.1300000000E+02
 8.7828906396E-02
 3.1400000000E+02
 7.1534337965E-02
 3.1500000000E+02
 6.8061247596E-02
 3.1600000000E+02
 6.7596985677E-02
 3.1700000000E+02
 6.5965066331E-02
 3.1800000000E+02
 6.5165748855E-02
 3.1900000000E+02
 6.3627943162E-02
 3.2000000000E+02
 6.1841772732E-02
 3.2100000000E+02
 6.1167508153E-02
 3.2200000000E+02
 5.9913482462E-02
 3.2300000000E+02
 5.8046380763E-02
 3.2400000000E+02
 5.6687211884E-02
 3.2500000000E+02
 5.4602725490E-02
 3.2600000000E+02
 5.2109354794E-02
 3.2700000000E+02
 5.0755557081E-02
 3.2800000000E+02
 4.8727063563E-02
 3.2900000000E+02
 4.6922113032E-02
 3.3000000000E+02
 4.4936391702E-02
 3.3100000000E+02
 4.2578416412E-02
 3.3200000000E+02
 4.0775868386E-02
 3.3300000000E+02
 3.9049921164E-02
 3.3400000000E+02
 3.8334173981E-02
 3.3500000000E+02
 3.5436316236E-02
 3.3600000000E+02
 3.2981246681E-02
 3.3700000000E+02
 3.0973658077E-02
 3.3800000000E+02
 2.9010435581E-02
 3.3900000000E+02
 2.7267671093E-02
 3.4000000000E+02
 2.5571563586E-02
 3.4100000000E+02
 2.4037642410E-02
 3.4200000000E+02
 2.2460479377E-02
 3.4300000000E+02
 2.1008238412E-02
 3.4400000000E+02
 1.9776349043E-02
 3.4500000000E+02
 1.8363695291E-02
 3.4600000000E+02
 1.7098626516E-02
 3.4700000000E+02
 1.5839211666E-02
 3.4800000000E+02
 1.4589534378E-02
 3.4900000000E+02
 1.3603136704E-02
 3.5000000000E+02
 1.2516888900E-02
 3.5100000000E+02
 1.1623530700E-02
 3.5200000000E+02
 1.0749970188E-02
 3.5300000000E+02
 9.9541420294E-03
 3.5400000000E+02
 9.2764345010E-03
 3.5500000000E+02
 8.5524101583E-03
 3.5600000000E+02
 7.9076637918E-03
 3.5700000000E+02
 7.3216433917E-03
 3.5800000000E+02
 6.7651065542E-03
 3.5900000000E+02
 6.2387395658E-03
 3.6000000000E+02
 5.6859640531E-03
 3.6100000000E+02
 5.1000360762E-03
 3.6200000000E+02
 5.1609600631E-03
 3.6300000000E+02
 4.9232669152E-03
 3.6400000000E+02
 1.3648204808E-02
 3.6500000000E+02
 2.2549827024E-02
 3.6600000000E+02
 1.2215328861E-02
 3.6700000000E+02
 3.8132989498E-03
 3.6800000000E+02
 3.6705075268E-03
 3.6900000000E+02
 3.2210343558E-03
 3.7000000000E+02
 2.9025196012E-03
 3.7100000000E+02
 2.6519528399E-03
 3.7200000000E+02
 2.4046962094E-03
 3.7300000000E+02
 2.1960872459E-03
 3.7400000000E+02
 1.9907673175E-03
 3.7500000000E+02
 1.8398166838E-03
 3.7600000000E+02
 1.6924117357E-03
 3.7700000000E+02
 1.5692165454E-03
 3.7800000000E+02
 1.4822883579E-03
 3.7900000000E+02
 1.3763026985E-03
 3.8000000000E+02
 1.2856334923E-03
 3.8100000000E+02
 1.2250156644E-03
 3.8200000000E+02
 1.1437463419E-03
 3.8300000000E+02
 1.0768026667E-03
 3.8400000000E+02
 1.0204651561E-03
 3.8500000000E+02
 9.6768143156E-04
 3.8600000000E+02
 9.2940449865E-04
 3.8700000000E+02
 8.8300123383E-04
 3.8800000000E+02
 8.3724711847E-04
 3.8900000000E+02
 8.1376949104E-04
 3.9000000000E+02
 8.2889350300E-04
 3.9100000000E+02
 8.3081949644E-04
 3.9200000000E+02
 7.6067393311E-04
 3.9300000000E+02
 7.0503898717E-04
 3.9400000000E+02
 6.7047428499E-04
 3.9500000000E+02
 6.5634676149E-04
 3.9600000000E+02
 6.3491270184E-04
 3.9700000000E+02
 6.1061308740E-04
 3.9800000000E+02
 6.0061714980E-04
 3.9900000000E+02
 5.8365434760E-04
 4.0000000000E+02
 5.7770091791E-04
