@19/5/1997
@18:30:55
#No Title
 2.5000000000E+02
 0.0000000000E+00
 2.5100000000E+02
 0.0000000000E+00
 2.5200000000E+02
 0.0000000000E+00
 2.5300000000E+02
 0.0000000000E+00
 2.5400000000E+02
 0.0000000000E+00
 2.5500000000E+02
 0.0000000000E+00
 2.5600000000E+02
 0.0000000000E+00
 2.5700000000E+02
 0.0000000000E+00
 2.5800000000E+02
 0.0000000000E+00
 2.5900000000E+02
 0.0000000000E+00
 2.6000000000E+02
 0.0000000000E+00
 2.6100000000E+02
 0.0000000000E+00
 2.6200000000E+02
 0.0000000000E+00
 2.6300000000E+02
 0.0000000000E+00
 2.6400000000E+02
 0.0000000000E+00
 2.6500000000E+02
 0.0000000000E+00
 2.6600000000E+02
 0.0000000000E+00
 2.6700000000E+02
 0.0000000000E+00
 2.6800000000E+02
 0.0000000000E+00
 2.6900000000E+02
 0.0000000000E+00
 2.7000000000E+02
 0.0000000000E+00
 2.7100000000E+02
 0.0000000000E+00
 2.7200000000E+02
 0.0000000000E+00
 2.7300000000E+02
 0.0000000000E+00
 2.7400000000E+02
 0.0000000000E+00
 2.7500000000E+02
 0.0000000000E+00
 2.7600000000E+02
 0.0000000000E+00
 2.7700000000E+02
 0.0000000000E+00
 2.7800000000E+02
 0.0000000000E+00
 2.7900000000E+02
 0.0000000000E+00
 2.8000000000E+02
 0.0000000000E+00
 2.8100000000E+02
 0.0000000000E+00
 2.8200000000E+02
 0.0000000000E+00
 2.8300000000E+02
 0.0000000000E+00
 2.8400000000E+02
 0.0000000000E+00
 2.8500000000E+02
 0.0000000000E+00
 2.8600000000E+02
 0.0000000000E+00
 2.8700000000E+02
 0.0000000000E+00
 2.8800000000E+02
 0.0000000000E+00
 2.8900000000E+02
 0.0000000000E+00
 2.9000000000E+02
 0.0000000000E+00
 2.9100000000E+02
 0.0000000000E+00
 2.9200000000E+02
 0.0000000000E+00
 2.9300000000E+02
 3.2921257491E-04
 2.9400000000E+02
 1.1338392342E-03
 2.9500000000E+02
 2.9920159009E-03
 2.9600000000E+02
 6.4631727423E-03
 2.9700000000E+02
 1.8139600757E-02
 2.9800000000E+02
 2.3388372857E-02
 2.9900000000E+02
 3.0576705600E-02
 3.0000000000E+02
 3.7345306954E-02
 3.0100000000E+02
 4.3682345166E-02
 3.0200000000E+02
 5.0434358646E-02
 3.0300000000E+02
 5.4586492385E-02
 3.0400000000E+02
 5.7383179278E-02
 3.0500000000E+02
 5.9991132675E-02
 3.0600000000E+02
 6.2690137580E-02
 3.0700000000E+02
 6.4928884176E-02
 3.0800000000E+02
 6.6477997528E-02
 3.0900000000E+02
 6.7785188946E-02
 3.1000000000E+02
 6.8447301627E-02
 3.1100000000E+02
 6.9700329004E-02
 3.1200000000E+02
 7.7716400981E-02
 3.1300000000E+02
 9.0291399098E-02
 3.1400000000E+02
 7.2338094571E-02
 3.1500000000E+02
 6.8061247596E-02
 3.1600000000E+02
 6.7212911894E-02
 3.1700000000E+02
 6.6714669358E-02
 3.1800000000E+02
 6.5165748855E-02
 3.1900000000E+02
 6.3981431735E-02
 3.2000000000E+02
 6.2183439984E-02
 3.2100000000E+02
 6.0833259474E-02
 3.2200000000E+02
 5.9587865709E-02
 3.2300000000E+02
 5.7729187425E-02
 3.2400000000E+02
 5.6687211884E-02
 3.2500000000E+02
 5.4299377016E-02
 3.2600000000E+02
 5.2407122535E-02
 3.2700000000E+02
 5.0168787635E-02
 3.2800000000E+02
 4.8524756656E-02
 3.2900000000E+02
 4.6664927273E-02
 3.3000000000E+02
 4.4651623694E-02
 3.3100000000E+02
 4.2409006267E-02
 3.3200000000E+02
 4.0464169600E-02
 3.3300000000E+02
 3.8737066734E-02
 3.3400000000E+02
 3.8190815065E-02
 3.3500000000E+02
 3.5206023361E-02
 3.3600000000E+02
 3.2634379932E-02
 3.3700000000E+02
 3.0625313282E-02
 3.3800000000E+02
 2.8660560981E-02
 3.3900000000E+02
 2.6916208093E-02
 3.4000000000E+02
 2.5218446482E-02
 3.4100000000E+02
 2.3740881393E-02
 3.4200000000E+02
 2.2103018167E-02
 3.4300000000E+02
 2.0767800776E-02
 3.4400000000E+02
 1.9382035335E-02
 3.4500000000E+02
 1.8060664015E-02
 3.4600000000E+02
 1.6765142666E-02
 3.4700000000E+02
 1.5477172542E-02
 3.4800000000E+02
 1.4319357816E-02
 3.4900000000E+02
 1.3302846711E-02
 3.5000000000E+02
 1.2307776198E-02
 3.5100000000E+02
 1.1383870273E-02
 3.5200000000E+02
 1.0540942990E-02
 3.5300000000E+02
 9.7747881189E-03
 3.5400000000E+02
 9.0683093680E-03
 3.5500000000E+02
 8.3459726718E-03
 3.5600000000E+02
 7.7026502861E-03
 3.5700000000E+02
 7.1763726895E-03
 3.5800000000E+02
 6.5318270179E-03
 3.5900000000E+02
 6.0613346492E-03
 3.6000000000E+02
 5.5363334201E-03
 3.6100000000E+02
 4.9650170706E-03
 3.6200000000E+02
 5.0122383445E-03
 3.6300000000E+02
 4.8225932514E-03
 3.6400000000E+02
 1.4992855528E-02
 3.6500000000E+02
 2.4225355967E-02
 3.6600000000E+02
 1.2545472884E-02
 3.6700000000E+02
 3.6931645316E-03
 3.6800000000E+02
 3.5651728738E-03
 3.6900000000E+02
 3.1320320907E-03
 3.7000000000E+02
 2.8366530445E-03
 3.7100000000E+02
 2.5848714021E-03
 3.7200000000E+02
 2.3464819622E-03
 3.7300000000E+02
 2.1171859077E-03
 3.7400000000E+02
 1.9355861338E-03
 3.7500000000E+02
 1.7746904295E-03
 3.7600000000E+02
 1.6572345865E-03
 3.7700000000E+02
 1.5319429933E-03
 3.7800000000E+02
 1.4319193360E-03
 3.7900000000E+02
 1.3381683668E-03
 3.8000000000E+02
 1.2555797223E-03
 3.8100000000E+02
 1.1888891971E-03
 3.8200000000E+02
 1.1213199431E-03
 3.8300000000E+02
 1.0546982131E-03
 3.8400000000E+02
 9.9565141373E-04
 3.8500000000E+02
 9.5237001650E-04
 3.8600000000E+02
 9.1421815063E-04
 3.8700000000E+02
 8.7697392165E-04
 3.8800000000E+02
 8.2834023423E-04
 3.8900000000E+02
 7.9607884993E-04
 3.9000000000E+02
 8.1131978916E-04
 3.9100000000E+02
 8.3373465257E-04
 3.9200000000E+02
 7.5778163679E-04
 3.9300000000E+02
 6.9925997908E-04
 3.9400000000E+02
 6.6471914091E-04
 3.9500000000E+02
 6.4488218924E-04
 3.9600000000E+02
 6.3491270184E-04
 3.9700000000E+02
 6.1061308740E-04
 3.9800000000E+02
 5.9775706814E-04
 3.9900000000E+02
 5.8082107407E-04
 4.0000000000E+02
 5.8336465240E-04
