@19/5/1997
@15:04:45
#No Title
 2.5000000000E+02
 0.0000000000E+00
 2.5100000000E+02
 0.0000000000E+00
 2.5200000000E+02
 0.0000000000E+00
 2.5300000000E+02
 0.0000000000E+00
 2.5400000000E+02
 0.0000000000E+00
 2.5500000000E+02
 0.0000000000E+00
 2.5600000000E+02
 0.0000000000E+00
 2.5700000000E+02
 0.0000000000E+00
 2.5800000000E+02
 0.0000000000E+00
 2.5900000000E+02
 0.0000000000E+00
 2.6000000000E+02
 0.0000000000E+00
 2.6100000000E+02
 0.0000000000E+00
 2.6200000000E+02
 0.0000000000E+00
 2.6300000000E+02
 0.0000000000E+00
 2.6400000000E+02
 0.0000000000E+00
 2.6500000000E+02
 0.0000000000E+00
 2.6600000000E+02
 0.0000000000E+00
 2.6700000000E+02
 0.0000000000E+00
 2.6800000000E+02
 0.0000000000E+00
 2.6900000000E+02
 0.0000000000E+00
 2.7000000000E+02
 0.0000000000E+00
 2.7100000000E+02
 0.0000000000E+00
 2.7200000000E+02
 0.0000000000E+00
 2.7300000000E+02
 0.0000000000E+00
 2.7400000000E+02
 0.0000000000E+00
 2.7500000000E+02
 0.0000000000E+00
 2.7600000000E+02
 0.0000000000E+00
 2.7700000000E+02
 0.0000000000E+00
 2.7800000000E+02
 0.0000000000E+00
 2.7900000000E+02
 0.0000000000E+00
 2.8000000000E+02
 0.0000000000E+00
 2.8100000000E+02
 0.0000000000E+00
 2.8200000000E+02
 0.0000000000E+00
 2.8300000000E+02
 0.0000000000E+00
 2.8400000000E+02
 0.0000000000E+00
 2.8500000000E+02
 0.0000000000E+00
 2.8600000000E+02
 0.0000000000E+00
 2.8700000000E+02
 0.0000000000E+00
 2.8800000000E+02
 0.0000000000E+00
 2.8900000000E+02
 0.0000000000E+00
 2.9000000000E+02
 0.0000000000E+00
 2.9100000000E+02
 0.0000000000E+00
 2.9200000000E+02
 0.0000000000E+00
 2.9300000000E+02
 2.3443925789E-04
 2.9400000000E+02
 7.4581425182E-04
 2.9500000000E+02
 1.7650379516E-03
 2.9600000000E+02
 3.4956459579E-03
 2.9700000000E+02
 6.0229537889E-03
 2.9800000000E+02
 8.4714573450E-03
 2.9900000000E+02
 1.3083301915E-02
 3.0000000000E+02
 1.4581994854E-02
 3.0100000000E+02
 1.6528454928E-02
 3.0200000000E+02
 1.9584797287E-02
 3.0300000000E+02
 2.0308025557E-02
 3.0400000000E+02
 2.0647005729E-02
 3.0500000000E+02
 2.1239375565E-02
 3.0600000000E+02
 2.1997322297E-02
 3.0700000000E+02
 2.2511033943E-02
 3.0800000000E+02
 2.2890181207E-02
 3.0900000000E+02
 2.3288961269E-02
 3.1000000000E+02
 2.3587729258E-02
 3.1100000000E+02
 2.3996585290E-02
 3.1200000000E+02
 2.8660778555E-02
 3.1300000000E+02
 3.4228648567E-02
 3.1400000000E+02
 2.7166973295E-02
 3.1500000000E+02
 2.3723082254E-02
 3.1600000000E+02
 2.3082834313E-02
 3.1700000000E+02
 2.2712971703E-02
 3.1800000000E+02
 2.2243727682E-02
 3.1900000000E+02
 2.1845593819E-02
 3.2000000000E+02
 2.1149202940E-02
 3.2100000000E+02
 2.0656568327E-02
 3.2200000000E+02
 2.0220800331E-02
 3.2300000000E+02
 1.9602548257E-02
 3.2400000000E+02
 1.9124147306E-02
 3.2500000000E+02
 1.8413252429E-02
 3.2600000000E+02
 1.7717180630E-02
 3.2700000000E+02
 1.7074990879E-02
 3.2800000000E+02
 1.6300156494E-02
 3.2900000000E+02
 1.5545450359E-02
 3.3000000000E+02
 1.4836413230E-02
 3.3100000000E+02
 1.4089277049E-02
 3.3200000000E+02
 1.3403047774E-02
 3.3300000000E+02
 1.2827031642E-02
 3.3400000000E+02
 1.2873630604E-02
 3.3500000000E+02
 1.1629790219E-02
 3.3600000000E+02
 1.0666152520E-02
 3.3700000000E+02
 9.9858841411E-03
 3.3800000000E+02
 9.3299893327E-03
 3.3900000000E+02
 8.7572864198E-03
 3.4000000000E+02
 8.0922669575E-03
 3.4100000000E+02
 7.5674059440E-03
 3.4200000000E+02
 7.0896473365E-03
 3.4300000000E+02
 6.5819802749E-03
 3.4400000000E+02
 6.1876920320E-03
 3.4500000000E+02
 5.6969879780E-03
 3.4600000000E+02
 5.2751081806E-03
 3.4700000000E+02
 4.7487465070E-03
 3.4800000000E+02
 4.6500388379E-03
 3.4900000000E+02
 4.4052542042E-03
 3.5000000000E+02
 4.0747103723E-03
 3.5100000000E+02
 3.7776474773E-03
 3.5200000000E+02
 3.4937403112E-03
 3.5300000000E+02
 3.2582627063E-03
 3.5400000000E+02
 2.9999751319E-03
 3.5500000000E+02
 2.7574149993E-03
 3.5600000000E+02
 2.5509537640E-03
 3.5700000000E+02
 2.3446691338E-03
 3.5800000000E+02
 2.1811636649E-03
 3.5900000000E+02
 2.0194593002E-03
 3.6000000000E+02
 1.8673902995E-03
 3.6100000000E+02
 1.7368353906E-03
 3.6200000000E+02
 1.6106245690E-03
 3.6300000000E+02
 1.5783032459E-03
 3.6400000000E+02
 4.9886541711E-03
 3.6500000000E+02
 1.7034544253E-02
 3.6600000000E+02
 3.3638007704E-03
 3.6700000000E+02
 2.7437150980E-03
 3.6800000000E+02
 1.5840711291E-03
 3.6900000000E+02
 1.1104092121E-03
 3.7000000000E+02
 9.2213179464E-04
 3.7100000000E+02
 8.1392144495E-04
 3.7200000000E+02
 7.2991709893E-04
 3.7300000000E+02
 6.5312774379E-04
 3.7400000000E+02
 6.0274831360E-04
 3.7500000000E+02
 5.6578433418E-04
 3.7600000000E+02
 5.2374866647E-04
 3.7700000000E+02
 4.8455617792E-04
 3.7800000000E+02
 4.5332119684E-04
 3.7900000000E+02
 4.3334467837E-04
 3.8000000000E+02
 4.0405624042E-04
 3.8100000000E+02
 3.9410691615E-04
 3.8200000000E+02
 3.6522992432E-04
 3.8300000000E+02
 3.4419791984E-04
 3.8400000000E+02
 3.3188380458E-04
 3.8500000000E+02
 3.1847743317E-04
 3.8600000000E+02
 3.0676422995E-04
 3.8700000000E+02
 2.9533829664E-04
 3.8800000000E+02
 2.7908237282E-04
 3.8900000000E+02
 2.6830805683E-04
 3.9000000000E+02
 2.9289523074E-04
 3.9100000000E+02
 3.0609139343E-04
 3.9200000000E+02
 2.7187585442E-04
 3.9300000000E+02
 2.4849734794E-04
 3.9400000000E+02
 2.4171605124E-04
 3.9500000000E+02
 2.4362216038E-04
 3.9600000000E+02
 2.3845137671E-04
 3.9700000000E+02
 2.1970657818E-04
 3.9800000000E+02
 2.2308636993E-04
 3.9900000000E+02
 2.2382860903E-04
 4.0000000000E+02
 2.1239004335E-04
