@19/5/1997
@14:14:44
#No Title
 2.5000000000E+02
 0.0000000000E+00
 2.5100000000E+02
 0.0000000000E+00
 2.5200000000E+02
 0.0000000000E+00
 2.5300000000E+02
 0.0000000000E+00
 2.5400000000E+02
 0.0000000000E+00
 2.5500000000E+02
 0.0000000000E+00
 2.5600000000E+02
 0.0000000000E+00
 2.5700000000E+02
 0.0000000000E+00
 2.5800000000E+02
 0.0000000000E+00
 2.5900000000E+02
 0.0000000000E+00
 2.6000000000E+02
 0.0000000000E+00
 2.6100000000E+02
 0.0000000000E+00
 2.6200000000E+02
 0.0000000000E+00
 2.6300000000E+02
 0.0000000000E+00
 2.6400000000E+02
 0.0000000000E+00
 2.6500000000E+02
 0.0000000000E+00
 2.6600000000E+02
 0.0000000000E+00
 2.6700000000E+02
 0.0000000000E+00
 2.6800000000E+02
 0.0000000000E+00
 2.6900000000E+02
 0.0000000000E+00
 2.7000000000E+02
 0.0000000000E+00
 2.7100000000E+02
 0.0000000000E+00
 2.7200000000E+02
 0.0000000000E+00
 2.7300000000E+02
 0.0000000000E+00
 2.7400000000E+02
 0.0000000000E+00
 2.7500000000E+02
 0.0000000000E+00
 2.7600000000E+02
 0.0000000000E+00
 2.7700000000E+02
 0.0000000000E+00
 2.7800000000E+02
 0.0000000000E+00
 2.7900000000E+02
 0.0000000000E+00
 2.8000000000E+02
 0.0000000000E+00
 2.8100000000E+02
 0.0000000000E+00
 2.8200000000E+02
 0.0000000000E+00
 2.8300000000E+02
 0.0000000000E+00
 2.8400000000E+02
 0.0000000000E+00
 2.8500000000E+02
 0.0000000000E+00
 2.8600000000E+02
 0.0000000000E+00
 2.8700000000E+02
 0.0000000000E+00
 2.8800000000E+02
 0.0000000000E+00
 2.8900000000E+02
 0.0000000000E+00
 2.9000000000E+02
 0.0000000000E+00
 2.9100000000E+02
 0.0000000000E+00
 2.9200000000E+02
 0.0000000000E+00
 2.9300000000E+02
 1.6959435677E-04
 2.9400000000E+02
 5.2912497595E-04
 2.9500000000E+02
 1.2420637437E-03
 2.9600000000E+02
 2.4394076109E-03
 2.9700000000E+02
 4.2595218490E-03
 2.9800000000E+02
 6.0035122685E-03
 2.9900000000E+02
 7.4922728946E-03
 3.0000000000E+02
 8.9128232575E-03
 3.0100000000E+02
 1.1664366763E-02
 3.0200000000E+02
 1.3508368534E-02
 3.0300000000E+02
 1.4109220489E-02
 3.0400000000E+02
 1.4174875898E-02
 3.0500000000E+02
 1.4503844202E-02
 3.0600000000E+02
 1.5036709156E-02
 3.0700000000E+02
 1.5404609502E-02
 3.0800000000E+02
 1.5742480945E-02
 3.0900000000E+02
 1.5916291966E-02
 3.1000000000E+02
 1.6168316237E-02
 3.1100000000E+02
 1.6365162406E-02
 3.1200000000E+02
 1.8816424182E-02
 3.1300000000E+02
 2.3065348315E-02
 3.1400000000E+02
 1.8727528928E-02
 3.1500000000E+02
 1.6208805786E-02
 3.1600000000E+02
 1.5747025072E-02
 3.1700000000E+02
 1.5479302497E-02
 3.1800000000E+02
 1.5217476548E-02
 3.1900000000E+02
 1.4846520071E-02
 3.2000000000E+02
 1.4418358062E-02
 3.2100000000E+02
 1.4172143965E-02
 3.2200000000E+02
 1.3806150306E-02
 3.2300000000E+02
 1.3385558842E-02
 3.2400000000E+02
 1.3050517461E-02
 3.2500000000E+02
 1.2619296558E-02
 3.2600000000E+02
 1.2119147086E-02
 3.2700000000E+02
 1.1618035031E-02
 3.2800000000E+02
 1.1097978890E-02
 3.2900000000E+02
 1.0630344731E-02
 3.3000000000E+02
 1.0080787492E-02
 3.3100000000E+02
 9.5152031371E-03
 3.3200000000E+02
 9.0959372841E-03
 3.3300000000E+02
 8.7599240485E-03
 3.3400000000E+02
 8.7448938400E-03
 3.3500000000E+02
 8.0026774278E-03
 3.3600000000E+02
 7.2842017209E-03
 3.3700000000E+02
 6.8217522476E-03
 3.3800000000E+02
 6.3560552329E-03
 3.3900000000E+02
 5.9162938354E-03
 3.4000000000E+02
 5.5027415311E-03
 3.4100000000E+02
 5.1636417030E-03
 3.4200000000E+02
 4.6886995410E-03
 3.4300000000E+02
 4.6284244855E-03
 3.4400000000E+02
 4.4254130758E-03
 3.4500000000E+02
 4.1272859713E-03
 3.4600000000E+02
 3.8350642807E-03
 3.4700000000E+02
 3.5449664204E-03
 3.4800000000E+02
 3.2571285598E-03
 3.4900000000E+02
 3.0209173343E-03
 3.5000000000E+02
 2.7811989418E-03
 3.5100000000E+02
 2.5763495880E-03
 3.5200000000E+02
 2.3739517499E-03
 3.5300000000E+02
 2.2150207939E-03
 3.5400000000E+02
 2.0455727361E-03
 3.5500000000E+02
 1.8785811279E-03
 3.5600000000E+02
 1.7367572698E-03
 3.5700000000E+02
 1.5979777244E-03
 3.5800000000E+02
 1.4725770732E-03
 3.5900000000E+02
 1.3748881034E-03
 3.6000000000E+02
 1.2748529930E-03
 3.6100000000E+02
 1.1814162992E-03
 3.6200000000E+02
 1.0980092838E-03
 3.6300000000E+02
 1.0651923141E-03
 3.6400000000E+02
 3.1767373259E-03
 3.6500000000E+02
 1.3055163014E-02
 3.6600000000E+02
 2.5677868476E-03
 3.6700000000E+02
 2.1120405769E-03
 3.6800000000E+02
 1.1789378480E-03
 3.6900000000E+02
 7.9254397966E-04
 3.7000000000E+02
 6.3671004868E-04
 3.7100000000E+02
 5.6348407727E-04
 3.7200000000E+02
 5.0153812933E-04
 3.7300000000E+02
 4.5587439835E-04
 3.7400000000E+02
 4.2022593695E-04
 3.7500000000E+02
 3.8668713487E-04
 3.7600000000E+02
 3.5568006454E-04
 3.7700000000E+02
 3.3173461412E-04
 3.7800000000E+02
 3.1300749305E-04
 3.7900000000E+02
 2.9120762386E-04
 3.8000000000E+02
 2.8384116063E-04
 3.8100000000E+02
 2.7587484131E-04
 3.8200000000E+02
 2.5309793001E-04
 3.8300000000E+02
 2.4630676833E-04
 3.8400000000E+02
 2.2642539938E-04
 3.8500000000E+02
 2.2048437681E-04
 3.8600000000E+02
 2.1260887224E-04
 3.8700000000E+02
 2.0191495791E-04
 3.8800000000E+02
 1.9298249185E-04
 3.8900000000E+02
 1.8870017184E-04
 3.9000000000E+02
 2.0209770921E-04
 3.9100000000E+02
 2.0989124121E-04
 3.9200000000E+02
 1.9089155736E-04
 3.9300000000E+02
 1.7337024275E-04
 3.9400000000E+02
 1.7265432231E-04
 3.9500000000E+02
 1.7770086992E-04
 3.9600000000E+02
 1.6950158103E-04
 3.9700000000E+02
 1.5978660231E-04
 3.9800000000E+02
 1.6302465495E-04
 3.9900000000E+02
 1.6149659133E-04
 4.0000000000E+02
 1.5292083121E-04
