@19/5/1997
@16:59:00
#No Title
 2.5000000000E+02
 0.0000000000E+00
 2.5100000000E+02
 0.0000000000E+00
 2.5200000000E+02
 0.0000000000E+00
 2.5300000000E+02
 0.0000000000E+00
 2.5400000000E+02
 0.0000000000E+00
 2.5500000000E+02
 0.0000000000E+00
 2.5600000000E+02
 0.0000000000E+00
 2.5700000000E+02
 0.0000000000E+00
 2.5800000000E+02
 0.0000000000E+00
 2.5900000000E+02
 0.0000000000E+00
 2.6000000000E+02
 0.0000000000E+00
 2.6100000000E+02
 0.0000000000E+00
 2.6200000000E+02
 0.0000000000E+00
 2.6300000000E+02
 0.0000000000E+00
 2.6400000000E+02
 0.0000000000E+00
 2.6500000000E+02
 0.0000000000E+00
 2.6600000000E+02
 0.0000000000E+00
 2.6700000000E+02
 0.0000000000E+00
 2.6800000000E+02
 0.0000000000E+00
 2.6900000000E+02
 0.0000000000E+00
 2.7000000000E+02
 0.0000000000E+00
 2.7100000000E+02
 0.0000000000E+00
 2.7200000000E+02
 0.0000000000E+00
 2.7300000000E+02
 0.0000000000E+00
 2.7400000000E+02
 0.0000000000E+00
 2.7500000000E+02
 0.0000000000E+00
 2.7600000000E+02
 0.0000000000E+00
 2.7700000000E+02
 0.0000000000E+00
 2.7800000000E+02
 0.0000000000E+00
 2.7900000000E+02
 0.0000000000E+00
 2.8000000000E+02
 0.0000000000E+00
 2.8100000000E+02
 0.0000000000E+00
 2.8200000000E+02
 0.0000000000E+00
 2.8300000000E+02
 0.0000000000E+00
 2.8400000000E+02
 0.0000000000E+00
 2.8500000000E+02
 0.0000000000E+00
 2.8600000000E+02
 0.0000000000E+00
 2.8700000000E+02
 0.0000000000E+00
 2.8800000000E+02
 0.0000000000E+00
 2.8900000000E+02
 0.0000000000E+00
 2.9000000000E+02
 0.0000000000E+00
 2.9100000000E+02
 0.0000000000E+00
 2.9200000000E+02
 0.0000000000E+00
 2.9300000000E+02
 3.4916485217E-04
 2.9400000000E+02
 1.1086428068E-03
 2.9500000000E+02
 2.7154430025E-03
 2.9600000000E+02
 5.5628552942E-03
 2.9700000000E+02
 1.4400518707E-02
 2.9800000000E+02
 1.7230924377E-02
 2.9900000000E+02
 2.1413494146E-02
 3.0000000000E+02
 2.5362083460E-02
 3.0100000000E+02
 2.8995632359E-02
 3.0200000000E+02
 3.3607325177E-02
 3.0300000000E+02
 3.5527479789E-02
 3.0400000000E+02
 3.6325968137E-02
 3.0500000000E+02
 3.7674072092E-02
 3.0600000000E+02
 3.9041900628E-02
 3.0700000000E+02
 3.9901911145E-02
 3.0800000000E+02
 4.1044462854E-02
 3.0900000000E+02
 4.1590528598E-02
 3.1000000000E+02
 4.2200591981E-02
 3.1100000000E+02
 4.2735968148E-02
 3.1200000000E+02
 5.2046312362E-02
 3.1300000000E+02
 6.1233985207E-02
 3.1400000000E+02
 4.8345959872E-02
 3.1500000000E+02
 4.2292393737E-02
 3.1600000000E+02
 4.1211116836E-02
 3.1700000000E+02
 4.0628484036E-02
 3.1800000000E+02
 3.9791152792E-02
 3.1900000000E+02
 3.8989789615E-02
 3.2000000000E+02
 3.7890898320E-02
 3.2100000000E+02
 3.7068178438E-02
 3.2200000000E+02
 3.6273706230E-02
 3.2300000000E+02
 3.5240179796E-02
 3.2400000000E+02
 3.4323795328E-02
 3.2500000000E+02
 3.2943644379E-02
 3.2600000000E+02
 3.1801594811E-02
 3.2700000000E+02
 3.0717380500E-02
 3.2800000000E+02
 2.9189996559E-02
 3.2900000000E+02
 2.7890366821E-02
 3.3000000000E+02
 2.6654285573E-02
 3.3100000000E+02
 2.5157406514E-02
 3.3200000000E+02
 2.4057478985E-02
 3.3300000000E+02
 2.3151227842E-02
 3.3400000000E+02
 2.3023441815E-02
 3.3500000000E+02
 2.0985438291E-02
 3.3600000000E+02
 1.9193293423E-02
 3.3700000000E+02
 1.7968785707E-02
 3.3800000000E+02
 1.6852293232E-02
 3.3900000000E+02
 1.5786546422E-02
 3.4000000000E+02
 1.4742639075E-02
 3.4100000000E+02
 1.3769711208E-02
 3.4200000000E+02
 1.2898392003E-02
 3.4300000000E+02
 1.1991827076E-02
 3.4400000000E+02
 1.1253106588E-02
 3.4500000000E+02
 1.0515185257E-02
 3.4600000000E+02
 9.6103982370E-03
 3.4700000000E+02
 8.8699585327E-03
 3.4800000000E+02
 8.2553949672E-03
 3.4900000000E+02
 7.6573948336E-03
 3.5000000000E+02
 7.0500853948E-03
 3.5100000000E+02
 6.5307466301E-03
 3.5200000000E+02
 5.9722056601E-03
 3.5300000000E+02
 5.5898635420E-03
 3.5400000000E+02
 5.1436640022E-03
 3.5500000000E+02
 4.6271488064E-03
 3.5600000000E+02
 4.5220121832E-03
 3.5700000000E+02
 4.2622424030E-03
 3.5800000000E+02
 3.9686681122E-03
 3.5900000000E+02
 3.6959357617E-03
 3.6000000000E+02
 3.3996079812E-03
 3.6100000000E+02
 3.1514663359E-03
 3.6200000000E+02
 2.9269699928E-03
 3.6300000000E+02
 2.8545855003E-03
 3.6400000000E+02
 1.6976215340E-02
 3.6500000000E+02
 2.3666846319E-02
 3.6600000000E+02
 9.7575900209E-03
 3.6700000000E+02
 2.0887887540E-03
 3.6800000000E+02
 2.0094610743E-03
 3.6900000000E+02
 1.7800453019E-03
 3.7000000000E+02
 1.6203172963E-03
 3.7100000000E+02
 1.4623753434E-03
 3.7200000000E+02
 1.3254936275E-03
 3.7300000000E+02
 1.2142039264E-03
 3.7400000000E+02
 1.1206024985E-03
 3.7500000000E+02
 1.0175977233E-03
 3.7600000000E+02
 9.4196588522E-04
 3.7700000000E+02
 8.7965583069E-04
 3.7800000000E+02
 8.2749107359E-04
 3.7900000000E+02
 7.7308690621E-04
 3.8000000000E+02
 7.3798701763E-04
 3.8100000000E+02
 6.9625555187E-04
 3.8200000000E+02
 6.5356933825E-04
 3.8300000000E+02
 6.1892469989E-04
 3.8400000000E+02
 5.9242809976E-04
 3.8500000000E+02
 5.6039779106E-04
 3.8600000000E+02
 5.3759671981E-04
 3.8700000000E+02
 5.1533519107E-04
 3.8800000000E+02
 4.8987863315E-04
 3.8900000000E+02
 4.7764730996E-04
 3.9000000000E+02
 5.0963770149E-04
 3.9100000000E+02
 5.3347357140E-04
 3.9200000000E+02
 4.7144430075E-04
 3.9300000000E+02
 4.2475709473E-04
 3.9400000000E+02
 4.0286008540E-04
 3.9500000000E+02
 3.9266159967E-04
 3.9600000000E+02
 3.8784260067E-04
 3.9700000000E+02
 3.8234651267E-04
 3.9800000000E+02
 3.8611102487E-04
 3.9900000000E+02
 3.7682537976E-04
 4.0000000000E+02
 3.6531087456E-04
