@19/5/1997
@19:19:12
#No Title
 2.5000000000E+02
 0.0000000000E+00
 2.5100000000E+02
 0.0000000000E+00
 2.5200000000E+02
 0.0000000000E+00
 2.5300000000E+02
 0.0000000000E+00
 2.5400000000E+02
 0.0000000000E+00
 2.5500000000E+02
 0.0000000000E+00
 2.5600000000E+02
 0.0000000000E+00
 2.5700000000E+02
 0.0000000000E+00
 2.5800000000E+02
 0.0000000000E+00
 2.5900000000E+02
 0.0000000000E+00
 2.6000000000E+02
 0.0000000000E+00
 2.6100000000E+02
 0.0000000000E+00
 2.6200000000E+02
 0.0000000000E+00
 2.6300000000E+02
 0.0000000000E+00
 2.6400000000E+02
 0.0000000000E+00
 2.6500000000E+02
 0.0000000000E+00
 2.6600000000E+02
 0.0000000000E+00
 2.6700000000E+02
 0.0000000000E+00
 2.6800000000E+02
 0.0000000000E+00
 2.6900000000E+02
 0.0000000000E+00
 2.7000000000E+02
 0.0000000000E+00
 2.7100000000E+02
 0.0000000000E+00
 2.7200000000E+02
 0.0000000000E+00
 2.7300000000E+02
 0.0000000000E+00
 2.7400000000E+02
 0.0000000000E+00
 2.7500000000E+02
 0.0000000000E+00
 2.7600000000E+02
 0.0000000000E+00
 2.7700000000E+02
 0.0000000000E+00
 2.7800000000E+02
 0.0000000000E+00
 2.7900000000E+02
 0.0000000000E+00
 2.8000000000E+02
 0.0000000000E+00
 2.8100000000E+02
 0.0000000000E+00
 2.8200000000E+02
 0.0000000000E+00
 2.8300000000E+02
 0.0000000000E+00
 2.8400000000E+02
 0.0000000000E+00
 2.8500000000E+02
 0.0000000000E+00
 2.8600000000E+02
 0.0000000000E+00
 2.8700000000E+02
 0.0000000000E+00
 2.8800000000E+02
 0.0000000000E+00
 2.8900000000E+02
 0.0000000000E+00
 2.9000000000E+02
 0.0000000000E+00
 2.9100000000E+02
 0.0000000000E+00
 2.9200000000E+02
 0.0000000000E+00
 2.9300000000E+02
 2.8930802037E-04
 2.9400000000E+02
 9.7762138415E-04
 2.9500000000E+02
 2.6802428154E-03
 2.9600000000E+02
 5.9501426881E-03
 2.9700000000E+02
 1.7078509905E-02
 2.9800000000E+02
 2.2146951793E-02
 2.9900000000E+02
 2.9302676200E-02
 3.0000000000E+02
 3.6142172065E-02
 3.0100000000E+02
 4.2360068772E-02
 3.0200000000E+02
 4.9593006972E-02
 3.0300000000E+02
 5.4123894992E-02
 3.0400000000E+02
 5.6836238729E-02
 3.0500000000E+02
 5.9676807878E-02
 3.0600000000E+02
 6.2467041005E-02
 3.0700000000E+02
 6.4619909200E-02
 3.0800000000E+02
 6.6346444762E-02
 3.0900000000E+02
 6.7611714374E-02
 3.1000000000E+02
 6.8447301627E-02
 3.1100000000E+02
 6.9318757859E-02
 3.1200000000E+02
 7.6179518652E-02
 3.1300000000E+02
 8.7828906396E-02
 3.1400000000E+02
 7.1936216268E-02
 3.1500000000E+02
 6.8061247596E-02
 3.1600000000E+02
 6.7596985677E-02
 3.1700000000E+02
 6.6339867844E-02
 3.1800000000E+02
 6.5165748855E-02
 3.1900000000E+02
 6.3981431735E-02
 3.2000000000E+02
 6.2183439984E-02
 3.2100000000E+02
 6.1167508153E-02
 3.2200000000E+02
 5.9587865709E-02
 3.2300000000E+02
 5.8046380763E-02
 3.2400000000E+02
 5.6687211884E-02
 3.2500000000E+02
 5.4602725490E-02
 3.2600000000E+02
 5.2407122535E-02
 3.2700000000E+02
 5.1048941804E-02
 3.2800000000E+02
 4.8755964550E-02
 3.2900000000E+02
 4.6979265423E-02
 3.3000000000E+02
 4.5078775707E-02
 3.3100000000E+02
 4.2747826557E-02
 3.3200000000E+02
 4.0860877145E-02
 3.3300000000E+02
 3.9106803788E-02
 3.3400000000E+02
 3.8334173981E-02
 3.3500000000E+02
 3.5609035893E-02
 3.3600000000E+02
 3.3096868930E-02
 3.3700000000E+02
 3.0973658077E-02
 3.3800000000E+02
 2.9097904231E-02
 3.3900000000E+02
 2.7384825426E-02
 3.4000000000E+02
 2.5600990011E-02
 3.4100000000E+02
 2.4096994614E-02
 3.4200000000E+02
 2.2520056245E-02
 3.4300000000E+02
 2.1038293116E-02
 3.4400000000E+02
 1.9776349043E-02
 3.4500000000E+02
 1.8424301546E-02
 3.4600000000E+02
 1.7098626516E-02
 3.4700000000E+02
 1.5809041739E-02
 3.4800000000E+02
 1.4709612851E-02
 3.4900000000E+02
 1.3663194703E-02
 3.5000000000E+02
 1.2546762143E-02
 3.5100000000E+02
 1.1683445806E-02
 3.5200000000E+02
 1.0809692245E-02
 3.5300000000E+02
 1.0073711303E-02
 3.5400000000E+02
 9.2764345010E-03
 3.5500000000E+02
 8.5524101583E-03
 3.5600000000E+02
 7.9369514355E-03
 3.5700000000E+02
 7.2925892513E-03
 3.5800000000E+02
 6.7651065542E-03
 3.5900000000E+02
 6.2091720797E-03
 3.6000000000E+02
 5.7158901797E-03
 3.6100000000E+02
 5.2780156745E-03
 3.6200000000E+02
 4.7527664100E-03
 3.6300000000E+02
 4.7998604886E-03
 3.6400000000E+02
 1.3984367488E-02
 3.6500000000E+02
 2.2584733877E-02
 3.6600000000E+02
 1.2141963522E-02
 3.6700000000E+02
 3.7861718231E-03
 3.6800000000E+02
 3.6624048612E-03
 3.6900000000E+02
 3.2125579496E-03
 3.7000000000E+02
 2.9113018088E-03
 3.7100000000E+02
 2.6519528399E-03
 3.7200000000E+02
 2.4091742284E-03
 3.7300000000E+02
 2.1829370229E-03
 3.7400000000E+02
 2.0077461432E-03
 3.7500000000E+02
 1.8276055111E-03
 3.7600000000E+02
 1.6924117357E-03
 3.7700000000E+02
 1.5692165454E-03
 3.7800000000E+02
 1.4750927834E-03
 3.7900000000E+02
 1.3832362133E-03
 3.8000000000E+02
 1.2789548767E-03
 3.8100000000E+02
 1.2250156644E-03
 3.8200000000E+02
 1.1565614270E-03
 3.8300000000E+02
 1.0957493411E-03
 3.8400000000E+02
 1.0359737451E-03
 3.8500000000E+02
 9.8605512963E-04
 3.8600000000E+02
 9.3547903786E-04
 3.8700000000E+02
 8.7998757774E-04
 3.8800000000E+02
 8.4615400271E-04
 3.8900000000E+02
 8.1376949104E-04
 3.9000000000E+02
 8.2596455070E-04
 3.9100000000E+02
 8.2498918418E-04
 3.9200000000E+02
 7.6067393311E-04
 3.9300000000E+02
 6.9348097098E-04
 3.9400000000E+02
 6.6184156887E-04
 3.9500000000E+02
 6.4488218924E-04
 3.9600000000E+02
 6.2916688554E-04
 3.9700000000E+02
 6.0775975521E-04
 3.9800000000E+02
 5.9775706814E-04
 3.9900000000E+02
 5.8082107407E-04
 4.0000000000E+02
 5.8336465240E-04
