@19/5/1997
@18:33:10
#No Title
 2.5000000000E+02
 0.0000000000E+00
 2.5100000000E+02
 0.0000000000E+00
 2.5200000000E+02
 0.0000000000E+00
 2.5300000000E+02
 0.0000000000E+00
 2.5400000000E+02
 0.0000000000E+00
 2.5500000000E+02
 0.0000000000E+00
 2.5600000000E+02
 0.0000000000E+00
 2.5700000000E+02
 0.0000000000E+00
 2.5800000000E+02
 0.0000000000E+00
 2.5900000000E+02
 0.0000000000E+00
 2.6000000000E+02
 0.0000000000E+00
 2.6100000000E+02
 0.0000000000E+00
 2.6200000000E+02
 0.0000000000E+00
 2.6300000000E+02
 0.0000000000E+00
 2.6400000000E+02
 0.0000000000E+00
 2.6500000000E+02
 0.0000000000E+00
 2.6600000000E+02
 0.0000000000E+00
 2.6700000000E+02
 0.0000000000E+00
 2.6800000000E+02
 0.0000000000E+00
 2.6900000000E+02
 0.0000000000E+00
 2.7000000000E+02
 0.0000000000E+00
 2.7100000000E+02
 0.0000000000E+00
 2.7200000000E+02
 0.0000000000E+00
 2.7300000000E+02
 0.0000000000E+00
 2.7400000000E+02
 0.0000000000E+00
 2.7500000000E+02
 0.0000000000E+00
 2.7600000000E+02
 0.0000000000E+00
 2.7700000000E+02
 0.0000000000E+00
 2.7800000000E+02
 0.0000000000E+00
 2.7900000000E+02
 0.0000000000E+00
 2.8000000000E+02
 0.0000000000E+00
 2.8100000000E+02
 0.0000000000E+00
 2.8200000000E+02
 0.0000000000E+00
 2.8300000000E+02
 0.0000000000E+00
 2.8400000000E+02
 0.0000000000E+00
 2.8500000000E+02
 0.0000000000E+00
 2.8600000000E+02
 0.0000000000E+00
 2.8700000000E+02
 0.0000000000E+00
 2.8800000000E+02
 0.0000000000E+00
 2.8900000000E+02
 0.0000000000E+00
 2.9000000000E+02
 0.0000000000E+00
 2.9100000000E+02
 0.0000000000E+00
 2.9200000000E+02
 0.0000000000E+00
 2.9300000000E+02
 3.3420064422E-04
 2.9400000000E+02
 1.1287999487E-03
 2.9500000000E+02
 2.9970444990E-03
 2.9600000000E+02
 6.4682024488E-03
 2.9700000000E+02
 1.8139600757E-02
 2.9800000000E+02
 2.3289059172E-02
 2.9900000000E+02
 3.0478703338E-02
 3.0000000000E+02
 3.7200930767E-02
 3.0100000000E+02
 4.3493448538E-02
 3.0200000000E+02
 5.0527842165E-02
 3.0300000000E+02
 5.4956570299E-02
 3.0400000000E+02
 5.7428757657E-02
 3.0500000000E+02
 6.0260553930E-02
 3.0600000000E+02
 6.2913234155E-02
 3.0700000000E+02
 6.4796466329E-02
 3.0800000000E+02
 6.6477997528E-02
 3.0900000000E+02
 6.7655083017E-02
 3.1000000000E+02
 6.8704622310E-02
 3.1100000000E+02
 6.9403551447E-02
 3.1200000000E+02
 7.7674863620E-02
 3.1300000000E+02
 9.0701814549E-02
 3.1400000000E+02
 7.2739972874E-02
 3.1500000000E+02
 6.8454665212E-02
 3.1600000000E+02
 6.7212911894E-02
 3.1700000000E+02
 6.6714669358E-02
 3.1800000000E+02
 6.5165748855E-02
 3.1900000000E+02
 6.3627943162E-02
 3.2000000000E+02
 6.2183439984E-02
 3.2100000000E+02
 6.1167508153E-02
 3.2200000000E+02
 5.9587865709E-02
 3.2300000000E+02
 5.7729187425E-02
 3.2400000000E+02
 5.6687211884E-02
 3.2500000000E+02
 5.4602725490E-02
 3.2600000000E+02
 5.2109354794E-02
 3.2700000000E+02
 5.1048941804E-02
 3.2800000000E+02
 4.8755964550E-02
 3.2900000000E+02
 4.6807808250E-02
 3.3000000000E+02
 4.4850961300E-02
 3.3100000000E+02
 4.2550181388E-02
 3.3200000000E+02
 4.0662523373E-02
 3.3300000000E+02
 3.8879273293E-02
 3.3400000000E+02
 3.8162143282E-02
 3.3500000000E+02
 3.5436316236E-02
 3.3600000000E+02
 3.2778907744E-02
 3.3700000000E+02
 3.0654342015E-02
 3.3800000000E+02
 2.8806342065E-02
 3.3900000000E+02
 2.7033362426E-02
 3.4000000000E+02
 2.5365578609E-02
 3.4100000000E+02
 2.3740881393E-02
 3.4200000000E+02
 2.2192383469E-02
 3.4300000000E+02
 2.0857964889E-02
 3.4400000000E+02
 1.9594358101E-02
 3.4500000000E+02
 1.8090967143E-02
 3.4600000000E+02
 1.6886409521E-02
 3.4700000000E+02
 1.5537512396E-02
 3.4800000000E+02
 1.4319357816E-02
 3.4900000000E+02
 1.3302846711E-02
 3.5000000000E+02
 1.2307776198E-02
 3.5100000000E+02
 1.1473742933E-02
 3.5200000000E+02
 1.0570804018E-02
 3.5300000000E+02
 9.8345727558E-03
 3.5400000000E+02
 9.1277736917E-03
 3.5500000000E+02
 8.3754637413E-03
 3.5600000000E+02
 7.7319379298E-03
 3.5700000000E+02
 7.2054268299E-03
 3.5800000000E+02
 6.5901469019E-03
 3.5900000000E+02
 6.1204696214E-03
 3.6000000000E+02
 5.5363334201E-03
 3.6100000000E+02
 5.0233207321E-03
 3.6200000000E+02
 5.0470455552E-03
 3.6300000000E+02
 4.8323358640E-03
 3.6400000000E+02
 1.4690309116E-02
 3.6500000000E+02
 2.4330076526E-02
 3.6600000000E+02
 1.2802251569E-02
 3.6700000000E+02
 3.7939224307E-03
 3.6800000000E+02
 3.6380968644E-03
 3.6900000000E+02
 3.1489849031E-03
 3.7000000000E+02
 2.8410441483E-03
 3.7100000000E+02
 2.6027597855E-03
 3.7200000000E+02
 2.3688720573E-03
 3.7300000000E+02
 2.1391029461E-03
 3.7400000000E+02
 1.9440755467E-03
 3.7500000000E+02
 1.7991127749E-03
 3.7600000000E+02
 1.6728688750E-03
 3.7700000000E+02
 1.5505797694E-03
 3.7800000000E+02
 1.4535060597E-03
 3.7900000000E+02
 1.3520353965E-03
 3.8000000000E+02
 1.2655976456E-03
 3.8100000000E+02
 1.2020260943E-03
 3.8200000000E+02
 1.1277274856E-03
 3.8300000000E+02
 1.0768026667E-03
 3.8400000000E+02
 1.0142617205E-03
 3.8500000000E+02
 9.6155686554E-04
 3.8600000000E+02
 9.1118088103E-04
 3.8700000000E+02
 8.7396026556E-04
 3.8800000000E+02
 8.3724711847E-04
 3.8900000000E+02
 7.9902729012E-04
 3.9000000000E+02
 8.0253293224E-04
 3.9100000000E+02
 8.2498918418E-04
 3.9200000000E+02
 7.6067393311E-04
 3.9300000000E+02
 6.9637047503E-04
 3.9400000000E+02
 6.6471914091E-04
 3.9500000000E+02
 6.4201604618E-04
 3.9600000000E+02
 6.3203979369E-04
 3.9700000000E+02
 6.0775975521E-04
 3.9800000000E+02
 6.0633731314E-04
 3.9900000000E+02
 5.8932089467E-04
 4.0000000000E+02
 5.7770091791E-04
