@19/5/1997
@15:01:58
#No Title
 2.5000000000E+02
 0.0000000000E+00
 2.5100000000E+02
 0.0000000000E+00
 2.5200000000E+02
 0.0000000000E+00
 2.5300000000E+02
 0.0000000000E+00
 2.5400000000E+02
 0.0000000000E+00
 2.5500000000E+02
 0.0000000000E+00
 2.5600000000E+02
 0.0000000000E+00
 2.5700000000E+02
 0.0000000000E+00
 2.5800000000E+02
 0.0000000000E+00
 2.5900000000E+02
 0.0000000000E+00
 2.6000000000E+02
 0.0000000000E+00
 2.6100000000E+02
 0.0000000000E+00
 2.6200000000E+02
 0.0000000000E+00
 2.6300000000E+02
 0.0000000000E+00
 2.6400000000E+02
 0.0000000000E+00
 2.6500000000E+02
 0.0000000000E+00
 2.6600000000E+02
 0.0000000000E+00
 2.6700000000E+02
 0.0000000000E+00
 2.6800000000E+02
 0.0000000000E+00
 2.6900000000E+02
 0.0000000000E+00
 2.7000000000E+02
 0.0000000000E+00
 2.7100000000E+02
 0.0000000000E+00
 2.7200000000E+02
 0.0000000000E+00
 2.7300000000E+02
 0.0000000000E+00
 2.7400000000E+02
 0.0000000000E+00
 2.7500000000E+02
 0.0000000000E+00
 2.7600000000E+02
 0.0000000000E+00
 2.7700000000E+02
 0.0000000000E+00
 2.7800000000E+02
 0.0000000000E+00
 2.7900000000E+02
 0.0000000000E+00
 2.8000000000E+02
 0.0000000000E+00
 2.8100000000E+02
 0.0000000000E+00
 2.8200000000E+02
 0.0000000000E+00
 2.8300000000E+02
 0.0000000000E+00
 2.8400000000E+02
 0.0000000000E+00
 2.8500000000E+02
 0.0000000000E+00
 2.8600000000E+02
 0.0000000000E+00
 2.8700000000E+02
 0.0000000000E+00
 2.8800000000E+02
 0.0000000000E+00
 2.8900000000E+02
 0.0000000000E+00
 2.9000000000E+02
 0.0000000000E+00
 2.9100000000E+02
 0.0000000000E+00
 2.9200000000E+02
 0.0000000000E+00
 2.9300000000E+02
 2.2945118857E-04
 2.9400000000E+02
 7.2061782439E-04
 2.9500000000E+02
 1.7398949608E-03
 2.9600000000E+02
 3.4403191874E-03
 2.9700000000E+02
 5.9926369074E-03
 2.9800000000E+02
 8.4962857663E-03
 2.9900000000E+02
 1.3034300785E-02
 3.0000000000E+02
 1.4726371041E-02
 3.0100000000E+02
 1.6575679085E-02
 3.0200000000E+02
 1.9584797287E-02
 3.0300000000E+02
 2.0446804775E-02
 3.0400000000E+02
 2.0510270592E-02
 3.0500000000E+02
 2.1149568481E-02
 3.0600000000E+02
 2.1997322297E-02
 3.0700000000E+02
 2.2466894660E-02
 3.0800000000E+02
 2.3065584894E-02
 3.0900000000E+02
 2.3288961269E-02
 3.1000000000E+02
 2.3630616038E-02
 3.1100000000E+02
 2.3911791702E-02
 3.1200000000E+02
 2.8619241195E-02
 3.1300000000E+02
 3.4269690112E-02
 3.1400000000E+02
 2.7166973295E-02
 3.1500000000E+02
 2.3644398731E-02
 3.1600000000E+02
 2.3006019557E-02
 3.1700000000E+02
 2.2638011400E-02
 3.1800000000E+02
 2.2243727682E-02
 3.1900000000E+02
 2.1810244962E-02
 3.2000000000E+02
 2.1183369665E-02
 3.2100000000E+02
 2.0790267798E-02
 3.2200000000E+02
 2.0285923681E-02
 3.2300000000E+02
 1.9665986925E-02
 3.2400000000E+02
 1.9155294126E-02
 3.2500000000E+02
 1.8413252429E-02
 3.2600000000E+02
 1.7746957404E-02
 3.2700000000E+02
 1.7074990879E-02
 3.2800000000E+02
 1.6300156494E-02
 3.2900000000E+02
 1.5488297968E-02
 3.3000000000E+02
 1.4893366832E-02
 3.3100000000E+02
 1.4032807000E-02
 3.3200000000E+02
 1.3374711521E-02
 3.3300000000E+02
 1.2883914266E-02
 3.3400000000E+02
 1.2844958821E-02
 3.3500000000E+02
 1.1658576828E-02
 3.3600000000E+02
 1.0637246957E-02
 3.3700000000E+02
 9.9568554082E-03
 3.3800000000E+02
 9.3008331160E-03
 3.3900000000E+02
 8.6987092531E-03
 3.4000000000E+02
 8.1216933828E-03
 3.4100000000E+02
 7.5674059440E-03
 3.4200000000E+02
 7.0896473365E-03
 3.4300000000E+02
 6.6120349793E-03
 3.4400000000E+02
 6.1573602083E-03
 3.4500000000E+02
 5.7272911056E-03
 3.4600000000E+02
 5.3054248942E-03
 3.4700000000E+02
 4.7547804924E-03
 3.4800000000E+02
 4.6410329524E-03
 3.4900000000E+02
 4.3932426045E-03
 3.5000000000E+02
 4.0717230479E-03
 3.5100000000E+02
 3.7956220094E-03
 3.5200000000E+02
 3.4967264140E-03
 3.5300000000E+02
 3.2373380834E-03
 3.5400000000E+02
 2.9880822672E-03
 3.5500000000E+02
 2.7574149993E-03
 3.5600000000E+02
 2.5538825283E-03
 3.5700000000E+02
 2.3388583057E-03
 3.5800000000E+02
 2.1782476707E-03
 3.5900000000E+02
 2.0224160488E-03
 3.6000000000E+02
 1.8733755249E-03
 3.6100000000E+02
 1.7368353906E-03
 3.6200000000E+02
 1.6074602771E-03
 3.6300000000E+02
 1.5750557084E-03
 3.6400000000E+02
 4.8911669939E-03
 3.6500000000E+02
 1.7104357959E-02
 3.6600000000E+02
 6.2360537728E-03
 3.6700000000E+02
 1.1625911432E-03
 3.6800000000E+02
 1.1222191887E-03
 3.6900000000E+02
 9.7478671295E-04
 3.7000000000E+02
 8.8261186059E-04
 3.7100000000E+02
 8.0944934909E-04
 3.7200000000E+02
 7.2991709893E-04
 3.7300000000E+02
 6.6189455914E-04
 3.7400000000E+02
 6.1123772647E-04
 3.7500000000E+02
 5.6985472507E-04
 3.7600000000E+02
 5.1984009434E-04
 3.7700000000E+02
 4.9201088835E-04
 3.7800000000E+02
 4.6051677139E-04
 3.7900000000E+02
 4.3334467837E-04
 3.8000000000E+02
 4.1741347151E-04
 3.8100000000E+02
 3.9082269185E-04
 3.8200000000E+02
 3.6843369558E-04
 3.8300000000E+02
 3.5051347800E-04
 3.8400000000E+02
 3.3188380458E-04
 3.8500000000E+02
 3.1541515016E-04
 3.8600000000E+02
 3.0372696034E-04
 3.8700000000E+02
 2.9232464055E-04
 3.8800000000E+02
 2.7611341141E-04
 3.8900000000E+02
 2.7125649701E-04
 3.9000000000E+02
 2.9875313536E-04
 3.9100000000E+02
 3.0609139343E-04
 3.9200000000E+02
 2.7187585442E-04
 3.9300000000E+02
 2.4849734794E-04
 3.9400000000E+02
 2.3596090716E-04
 3.9500000000E+02
 2.3788987425E-04
 3.9600000000E+02
 2.3270556040E-04
 3.9700000000E+02
 2.2541324254E-04
 3.9800000000E+02
 2.2880653326E-04
 3.9900000000E+02
 2.2666188256E-04
 4.0000000000E+02
 2.1805377784E-04
