"FILE:FL4"
"REM: TLD 36W/89        (QNTM)"
"LIMS: 300- 900NM"
"INT:  1NM"
"DATE:08/23 16:59"
"MIN:  300NM  1.898E-04"
"MAX:  613NM  8.138E-01"
 300  1.898E-04
 301  2.237E-04
 302  4.029E-04
 303  2.520E-04
 304  3.894E-04
 305  3.483E-04
 306  3.086E-04
 307  3.039E-04
 308  4.657E-04
 309  7.211E-04
 310  1.034E-03
 311  1.434E-03
 312  1.729E-03
 313  1.893E-03
 314  1.930E-03
 315  1.755E-03
 316  1.285E-03
 317  9.744E-04
 318  7.296E-04
 319  5.482E-04
 320  3.994E-04
 321  3.951E-04
 322  3.630E-04
 323  3.592E-04
 324  3.829E-04
 325  3.249E-04
 326  3.486E-04
 327  3.718E-04
 328  4.209E-04
 329  3.389E-04
 330  4.909E-04
 331  5.122E-04
 332  5.078E-04
 333  6.546E-04
 334  6.741E-04
 335  7.182E-04
 336  7.125E-04
 337  5.607E-04
 338  4.597E-04
 339  4.562E-04
 340  4.052E-04
 341  4.260E-04
 342  3.525E-04
 343  3.500E-04
 344  3.477E-04
 345  4.374E-04
 346  3.889E-04
 347  4.091E-04
 348  3.388E-04
 349  5.659E-04
 350  5.981E-04
 351  7.184E-04
 352  5.779E-04
 353  7.375E-04
 354  7.669E-04
 355  7.340E-04
 356  7.250E-04
 357  8.569E-04
 358  1.002E-03
 359  1.495E-03
 360  2.740E-03
 361  5.235E-03
 362  8.555E-03
 363  1.231E-02
 364  1.546E-02
 365  1.751E-02
 366  1.752E-02
 367  1.533E-02
 368  1.208E-02
 369  8.646E-03
 370  5.476E-03
 371  3.018E-03
 372  1.824E-03
 373  1.390E-03
 374  1.271E-03
 375  1.278E-03
 376  1.299E-03
 377  1.379E-03
 378  1.498E-03
 379  1.542E-03
 380  1.611E-03
 381  1.624E-03
 382  1.625E-03
 383  1.583E-03
 384  1.515E-03
 385  1.516E-03
 386  1.480E-03
 387  1.432E-03
 388  1.486E-03
 389  1.537E-03
 390  1.635E-03
 391  1.718E-03
 392  1.765E-03
 393  1.891E-03
 394  2.037E-03
 395  2.270E-03
 396  2.561E-03
 397  3.055E-03
 398  4.411E-03
 399  7.212E-03
 400  1.326E-02
 401  2.364E-02
 402  3.602E-02
 403  4.911E-02
 404  6.052E-02
 405  6.765E-02
 406  6.755E-02
 407  6.131E-02
 408  5.254E-02
 409  4.317E-02
 410  3.528E-02
 411  3.103E-02
 412  3.085E-02
 413  3.304E-02
 414  3.642E-02
 415  4.072E-02
 416  4.548E-02
 417  5.047E-02
 418  5.590E-02
 419  6.181E-02
 420  6.767E-02
 421  7.381E-02
 422  8.033E-02
 423  8.709E-02
 424  9.408E-02
 425  1.012E-01
 426  1.087E-01
 427  1.162E-01
 428  1.243E-01
 429  1.346E-01
 430  1.491E-01
 431  1.740E-01
 432  2.201E-01
 433  2.742E-01
 434  3.307E-01
 435  3.813E-01
 436  4.154E-01
 437  4.173E-01
 438  3.923E-01
 439  3.520E-01
 440  3.071E-01
 441  2.661E-01
 442  2.369E-01
 443  2.252E-01
 444  2.226E-01
 445  2.240E-01
 446  2.259E-01
 447  2.275E-01
 448  2.288E-01
 449  2.296E-01
 450  2.298E-01
 451  2.297E-01
 452  2.290E-01
 453  2.281E-01
 454  2.264E-01
 455  2.244E-01
 456  2.222E-01
 457  2.197E-01
 458  2.175E-01
 459  2.136E-01
 460  2.104E-01
 461  2.071E-01
 462  2.035E-01
 463  2.000E-01
 464  1.961E-01
 465  1.921E-01
 466  1.881E-01
 467  1.837E-01
 468  1.796E-01
 469  1.750E-01
 470  1.705E-01
 471  1.658E-01
 472  1.613E-01
 473  1.568E-01
 474  1.520E-01
 475  1.475E-01
 476  1.433E-01
 477  1.395E-01
 478  1.367E-01
 479  1.352E-01
 480  1.359E-01
 481  1.389E-01
 482  1.448E-01
 483  1.531E-01
 484  1.623E-01
 485  1.711E-01
 486  1.784E-01
 487  1.828E-01
 488  1.832E-01
 489  1.807E-01
 490  1.758E-01
 491  1.684E-01
 492  1.597E-01
 493  1.508E-01
 494  1.423E-01
 495  1.317E-01
 496  1.225E-01
 497  1.141E-01
 498  1.061E-01
 499  9.829E-02
 500  9.054E-02
 501  8.302E-02
 502  7.575E-02
 503  6.858E-02
 504  6.188E-02
 505  5.648E-02
 506  5.204E-02
 507  4.828E-02
 508  4.519E-02
 509  4.285E-02
 510  4.078E-02
 511  3.903E-02
 512  3.742E-02
 513  3.591E-02
 514  3.444E-02
 515  3.299E-02
 516  3.162E-02
 517  3.040E-02
 518  2.919E-02
 519  2.803E-02
 520  2.702E-02
 521  2.598E-02
 522  2.505E-02
 523  2.423E-02
 524  2.346E-02
 525  2.283E-02
 526  2.233E-02
 527  2.199E-02
 528  2.193E-02
 529  2.233E-02
 530  2.354E-02
 531  2.566E-02
 532  2.900E-02
 533  3.448E-02
 534  4.299E-02
 535  5.617E-02
 536  7.492E-02
 537  1.012E-01
 538  1.345E-01
 539  1.856E-01
 540  2.393E-01
 541  2.962E-01
 542  3.581E-01
 543  4.178E-01
 544  4.672E-01
 545  5.024E-01
 546  5.198E-01
 547  5.097E-01
 548  4.741E-01
 549  4.195E-01
 550  3.531E-01
 551  2.812E-01
 552  2.218E-01
 553  1.615E-01
 554  1.222E-01
 555  9.295E-02
 556  7.144E-02
 557  5.570E-02
 558  4.359E-02
 559  3.161E-02
 560  2.593E-02
 561  2.231E-02
 562  2.024E-02
 563  1.907E-02
 564  1.834E-02
 565  1.782E-02
 566  1.741E-02
 567  1.702E-02
 568  1.656E-02
 569  1.625E-02
 570  1.615E-02
 571  1.657E-02
 572  1.811E-02
 573  2.184E-02
 574  2.805E-02
 575  3.751E-02
 576  5.018E-02
 577  6.483E-02
 578  8.005E-02
 579  9.411E-02
 580  1.076E-01
 581  1.188E-01
 582  1.278E-01
 583  1.365E-01
 584  1.467E-01
 585  1.566E-01
 586  1.658E-01
 587  1.735E-01
 588  1.776E-01
 589  1.778E-01
 590  1.749E-01
 591  1.695E-01
 592  1.618E-01
 593  1.529E-01
 594  1.429E-01
 595  1.333E-01
 596  1.215E-01
 597  1.113E-01
 598  1.026E-01
 599  9.509E-02
 600  8.913E-02
 601  8.363E-02
 602  7.805E-02
 603  7.410E-02
 604  7.577E-02
 605  8.722E-02
 606  1.224E-01
 607  1.886E-01
 608  2.962E-01
 609  4.335E-01
 610  5.778E-01
 611  7.108E-01
 612  7.969E-01
 613  8.138E-01
 614  7.625E-01
 615  6.610E-01
 616  5.345E-01
 617  4.032E-01
 618  2.941E-01
 619  2.189E-01
 620  1.715E-01
 621  1.446E-01
 622  1.321E-01
 623  1.278E-01
 624  1.281E-01
 625  1.310E-01
 626  1.355E-01
 627  1.416E-01
 628  1.490E-01
 629  1.552E-01
 630  1.582E-01
 631  1.556E-01
 632  1.475E-01
 633  1.289E-01
 634  1.072E-01
 635  8.414E-02
 636  6.273E-02
 637  4.610E-02
 638  3.549E-02
 639  3.002E-02
 640  2.756E-02
 641  2.663E-02
 642  2.639E-02
 643  2.631E-02
 644  2.634E-02
 645  2.645E-02
 646  2.712E-02
 647  2.892E-02
 648  3.179E-02
 649  3.522E-02
 650  3.871E-02
 651  4.126E-02
 652  4.185E-02
 653  4.031E-02
 654  3.712E-02
 655  3.303E-02
 656  2.882E-02
 657  2.563E-02
 658  2.416E-02
 659  2.429E-02
 660  2.574E-02
 661  2.779E-02
 662  2.994E-02
 663  3.128E-02
 664  3.138E-02
 665  3.010E-02
 666  2.773E-02
 667  2.467E-02
 668  2.146E-02
 669  1.871E-02
 670  1.685E-02
 671  1.552E-02
 672  1.471E-02
 673  1.414E-02
 674  1.377E-02
 675  1.343E-02
 676  1.315E-02
 677  1.291E-02
 678  1.283E-02
 679  1.279E-02
 680  1.307E-02
 681  1.352E-02
 682  1.422E-02
 683  1.554E-02
 684  1.774E-02
 685  2.069E-02
 686  2.398E-02
 687  2.700E-02
 688  2.907E-02
 689  2.974E-02
 690  2.923E-02
 691  2.772E-02
 692  2.568E-02
 693  2.330E-02
 694  2.102E-02
 695  1.861E-02
 696  1.610E-02
 697  1.354E-02
 698  1.123E-02
 699  9.542E-03
 700  9.122E-03
 701  1.071E-02
 702  1.468E-02
 703  2.174E-02
 704  3.199E-02
 705  4.524E-02
 706  6.045E-02
 707  7.552E-02
 708  8.775E-02
 709  9.586E-02
 710  9.855E-02
 711  9.564E-02
 712  8.777E-02
 713  7.619E-02
 714  6.228E-02
 715  4.775E-02
 716  3.444E-02
 717  2.349E-02
 718  1.484E-02
 719  8.899E-03
 720  5.831E-03
 721  4.517E-03
 722  4.016E-03
 723  3.827E-03
 724  3.684E-03
 725  3.588E-03
 726  3.490E-03
 727  3.469E-03
 728  3.379E-03
 729  3.269E-03
 730  3.147E-03
 731  3.013E-03
 732  2.857E-03
 733  2.729E-03
 734  2.549E-03
 735  2.367E-03
 736  2.262E-03
 737  2.237E-03
 738  2.343E-03
 739  2.487E-03
 740  2.821E-03
 741  3.240E-03
 742  3.619E-03
 743  3.911E-03
 744  3.981E-03
 745  3.906E-03
 746  3.679E-03
 747  3.325E-03
 748  2.942E-03
 749  2.543E-03
 750  2.215E-03
 751  1.998E-03
 752  1.821E-03
 753  1.768E-03
 754  2.033E-03
 755  2.858E-03
 756  4.732E-03
 757  7.912E-03
 758  1.209E-02
 759  1.631E-02
 760  1.951E-02
 761  2.088E-02
 762  2.002E-02
 763  1.709E-02
 764  1.303E-02
 765  8.915E-03
 766  5.623E-03
 767  3.922E-03
 768  3.615E-03
 769  3.867E-03
 770  4.147E-03
 771  4.158E-03
 772  3.878E-03
 773  3.382E-03
 774  2.722E-03
 775  2.106E-03
 776  1.554E-03
 777  1.255E-03
 778  1.033E-03
 779  8.588E-04
 780  8.320E-04
 781  8.744E-04
 782  1.067E-03
 783  1.441E-03
 784  1.827E-03
 785  2.226E-03
 786  2.406E-03
 787  2.424E-03
 788  2.239E-03
 789  1.879E-03
 790  1.486E-03
 791  1.121E-03
 792  8.565E-04
 793  7.251E-04
 794  7.383E-04
 795  6.991E-04
 796  6.914E-04
 797  6.309E-04
 798  6.544E-04
 799  6.567E-04
 800  7.443E-04
 801  8.750E-04
 802  1.135E-03
 803  1.569E-03
 804  2.265E-03
 805  3.291E-03
 806  5.217E-03
 807  8.901E-03
 808  1.563E-02
 809  2.471E-02
 810  3.433E-02
 811  4.237E-02
 812  4.654E-02
 813  4.551E-02
 814  4.008E-02
 815  3.146E-02
 816  2.197E-02
 817  1.380E-02
 818  8.897E-03
 819  7.229E-03
 820  6.821E-03
 821  6.626E-03
 822  6.200E-03
 823  5.782E-03
 824  5.662E-03
 825  6.190E-03
 826  7.782E-03
 827  1.029E-02
 828  1.313E-02
 829  1.538E-02
 830  1.656E-02
 831  1.614E-02
 832  1.432E-02
 833  1.156E-02
 834  8.345E-03
 835  5.304E-03
 836  2.834E-03
 837  1.348E-03
 838  7.727E-04
 839  6.296E-04
 840  6.433E-04
 841  6.940E-04
 842  7.320E-04
 843  7.221E-04
 844  7.730E-04
 845  7.258E-04
 846  8.143E-04
 847  9.151E-04
 848  1.239E-03
 849  1.740E-03
 850  2.155E-03
 851  2.609E-03
 852  2.715E-03
 853  2.658E-03
 854  2.388E-03
 855  1.902E-03
 856  1.363E-03
 857  8.982E-04
 858  6.087E-04
 859  4.702E-04
 860  4.712E-04
 861  5.231E-04
 862  6.139E-04
 863  6.921E-04
 864  6.808E-04
 865  6.953E-04
 866  6.707E-04
 867  6.203E-04
 868  5.048E-04
 869  4.410E-04
 870  4.028E-04
 871  4.038E-04
 872  6.266E-04
 873  1.230E-03
 874  2.910E-03
 875  6.043E-03
 876  1.024E-02
 877  1.458E-02
 878  1.787E-02
 879  1.918E-02
 880  1.834E-02
 881  1.559E-02
 882  1.142E-02
 883  7.025E-03
 884  3.413E-03
 885  1.368E-03
 886  5.914E-04
 887  5.118E-04
 888  9.855E-04
 889  2.274E-03
 890  4.977E-03
 891  8.878E-03
 892  1.315E-02
 893  1.661E-02
 894  1.822E-02
 895  1.786E-02
 896  1.554E-02
 897  1.182E-02
 898  7.646E-03
 899  3.951E-03
 900  1.682E-03
