"FILE:TLC1"
"REM: TL-L 36W/950      (QNTM)"
"LIMS: 300- 900NM"
"INT:  1NM"
"DATE:08/23 10:24"
"MIN:  307NM  1.351E-04"
"MAX:  613NM  7.794E+00"
 300  2.657E-04
 301  2.609E-04
 302  1.465E-04
 303  2.160E-04
 304  2.832E-04
 305  1.393E-04
 306  1.372E-04
 307  1.351E-04
 308  5.322E-04
 309  9.834E-04
 310  1.390E-03
 311  1.976E-03
 312  2.547E-03
 313  2.855E-03
 314  2.696E-03
 315  2.390E-03
 316  1.823E-03
 317  1.358E-03
 318  9.339E-04
 319  4.616E-04
 320  2.853E-04
 321  3.386E-04
 322  3.071E-04
 323  3.592E-04
 324  3.829E-04
 325  4.332E-04
 326  4.827E-04
 327  5.577E-04
 328  4.736E-04
 329  6.778E-04
 330  9.817E-04
 331  1.332E-03
 332  1.726E-03
 333  2.014E-03
 334  2.347E-03
 335  2.377E-03
 336  2.211E-03
 337  1.950E-03
 338  1.573E-03
 339  1.273E-03
 340  9.773E-04
 341  9.466E-04
 342  7.754E-04
 343  8.401E-04
 344  9.503E-04
 345  1.013E-03
 346  9.835E-04
 347  9.318E-04
 348  9.937E-04
 349  2.422E-03
 350  2.437E-03
 351  2.438E-03
 352  2.483E-03
 353  2.592E-03
 354  2.591E-03
 355  2.753E-03
 356  2.920E-03
 357  3.148E-03
 358  4.186E-03
 359  7.902E-03
 360  1.811E-02
 361  3.869E-02
 362  6.795E-02
 363  1.011E-01
 364  1.313E-01
 365  1.522E-01
 366  1.551E-01
 367  1.387E-01
 368  1.102E-01
 369  7.798E-02
 370  4.856E-02
 371  2.539E-02
 372  1.303E-02
 373  8.581E-03
 374  7.707E-03
 375  8.252E-03
 376  9.198E-03
 377  1.036E-02
 378  1.168E-02
 379  1.291E-02
 380  1.404E-02
 381  1.490E-02
 382  1.558E-02
 383  1.603E-02
 384  1.639E-02
 385  1.674E-02
 386  1.716E-02
 387  1.777E-02
 388  1.848E-02
 389  1.930E-02
 390  2.019E-02
 391  2.124E-02
 392  2.227E-02
 393  2.343E-02
 394  2.475E-02
 395  2.636E-02
 396  2.831E-02
 397  3.247E-02
 398  4.484E-02
 399  7.595E-02
 400  1.355E-01
 401  2.659E-01
 402  4.142E-01
 403  5.701E-01
 404  7.033E-01
 405  7.815E-01
 406  7.657E-01
 407  6.747E-01
 408  5.475E-01
 409  4.057E-01
 410  2.846E-01
 411  1.920E-01
 412  1.497E-01
 413  1.354E-01
 414  1.349E-01
 415  1.425E-01
 416  1.521E-01
 417  1.650E-01
 418  1.774E-01
 419  1.925E-01
 420  2.060E-01
 421  2.202E-01
 422  2.360E-01
 423  2.525E-01
 424  2.700E-01
 425  2.883E-01
 426  3.079E-01
 427  3.280E-01
 428  3.537E-01
 429  3.985E-01
 430  4.860E-01
 431  6.689E-01
 432  1.007E+00
 433  1.390E+00
 434  1.881E+00
 435  2.283E+00
 436  2.540E+00
 437  2.529E+00
 438  2.284E+00
 439  1.962E+00
 440  1.501E+00
 441  1.127E+00
 442  8.599E-01
 443  7.450E-01
 444  7.136E-01
 445  7.206E-01
 446  7.397E-01
 447  7.603E-01
 448  7.811E-01
 449  8.015E-01
 450  8.220E-01
 451  8.425E-01
 452  8.618E-01
 453  8.810E-01
 454  8.997E-01
 455  9.181E-01
 456  9.353E-01
 457  9.528E-01
 458  9.719E-01
 459  9.858E-01
 460  1.002E+00
 461  1.018E+00
 462  1.035E+00
 463  1.050E+00
 464  1.065E+00
 465  1.079E+00
 466  1.095E+00
 467  1.108E+00
 468  1.120E+00
 469  1.132E+00
 470  1.143E+00
 471  1.151E+00
 472  1.162E+00
 473  1.172E+00
 474  1.181E+00
 475  1.190E+00
 476  1.202E+00
 477  1.217E+00
 478  1.241E+00
 479  1.279E+00
 480  1.335E+00
 481  1.414E+00
 482  1.524E+00
 483  1.655E+00
 484  1.793E+00
 485  1.923E+00
 486  2.039E+00
 487  2.121E+00
 488  2.163E+00
 489  2.171E+00
 490  2.152E+00
 491  2.106E+00
 492  2.040E+00
 493  1.971E+00
 494  1.892E+00
 495  1.813E+00
 496  1.734E+00
 497  1.660E+00
 498  1.589E+00
 499  1.520E+00
 500  1.448E+00
 501  1.378E+00
 502  1.309E+00
 503  1.241E+00
 504  1.179E+00
 505  1.125E+00
 506  1.083E+00
 507  1.041E+00
 508  1.009E+00
 509  9.829E-01
 510  9.591E-01
 511  9.374E-01
 512  9.166E-01
 513  8.960E-01
 514  8.753E-01
 515  8.544E-01
 516  8.336E-01
 517  8.139E-01
 518  7.941E-01
 519  7.743E-01
 520  7.547E-01
 521  7.357E-01
 522  7.170E-01
 523  6.990E-01
 524  6.817E-01
 525  6.652E-01
 526  6.500E-01
 527  6.361E-01
 528  6.250E-01
 529  6.187E-01
 530  6.200E-01
 531  6.302E-01
 532  6.548E-01
 533  7.024E-01
 534  7.830E-01
 535  9.030E-01
 536  1.105E+00
 537  1.380E+00
 538  1.765E+00
 539  2.260E+00
 540  2.846E+00
 541  3.500E+00
 542  4.265E+00
 543  5.063E+00
 544  5.766E+00
 545  6.317E+00
 546  6.628E+00
 547  6.548E+00
 548  6.091E+00
 549  5.359E+00
 550  4.465E+00
 551  3.500E+00
 552  2.619E+00
 553  2.020E+00
 554  1.473E+00
 555  1.134E+00
 556  8.961E-01
 557  7.229E-01
 558  5.869E-01
 559  4.536E-01
 560  3.881E-01
 561  3.444E-01
 562  3.169E-01
 563  2.989E-01
 564  2.864E-01
 565  2.772E-01
 566  2.696E-01
 567  2.629E-01
 568  2.572E-01
 569  2.537E-01
 570  2.552E-01
 571  2.678E-01
 572  3.029E-01
 573  3.820E-01
 574  5.067E-01
 575  6.693E-01
 576  9.081E-01
 577  1.139E+00
 578  1.351E+00
 579  1.514E+00
 580  1.615E+00
 581  1.660E+00
 582  1.668E+00
 583  1.675E+00
 584  1.711E+00
 585  1.764E+00
 586  1.836E+00
 587  1.908E+00
 588  1.950E+00
 589  1.957E+00
 590  1.933E+00
 591  1.881E+00
 592  1.807E+00
 593  1.718E+00
 594  1.619E+00
 595  1.517E+00
 596  1.416E+00
 597  1.325E+00
 598  1.248E+00
 599  1.184E+00
 600  1.136E+00
 601  1.093E+00
 602  1.052E+00
 603  1.029E+00
 604  1.060E+00
 605  1.194E+00
 606  1.503E+00
 607  2.111E+00
 608  3.086E+00
 609  4.297E+00
 610  5.584E+00
 611  6.804E+00
 612  7.596E+00
 613  7.794E+00
 614  7.399E+00
 615  6.524E+00
 616  5.417E+00
 617  4.286E+00
 618  3.329E+00
 619  2.653E+00
 620  2.222E+00
 621  1.970E+00
 622  1.849E+00
 623  1.802E+00
 624  1.798E+00
 625  1.817E+00
 626  1.850E+00
 627  1.897E+00
 628  1.953E+00
 629  1.998E+00
 630  2.014E+00
 631  1.980E+00
 632  1.882E+00
 633  1.721E+00
 634  1.521E+00
 635  1.325E+00
 636  1.108E+00
 637  9.522E-01
 638  8.502E-01
 639  7.954E-01
 640  7.682E-01
 641  7.560E-01
 642  7.492E-01
 643  7.436E-01
 644  7.388E-01
 645  7.341E-01
 646  7.331E-01
 647  7.409E-01
 648  7.580E-01
 649  7.799E-01
 650  8.034E-01
 651  8.187E-01
 652  8.173E-01
 653  7.976E-01
 654  7.635E-01
 655  7.203E-01
 656  6.762E-01
 657  6.406E-01
 658  6.197E-01
 659  6.136E-01
 660  6.194E-01
 661  6.311E-01
 662  6.433E-01
 663  6.491E-01
 664  6.435E-01
 665  6.263E-01
 666  5.989E-01
 667  5.653E-01
 668  5.294E-01
 669  4.974E-01
 670  4.727E-01
 671  4.537E-01
 672  4.393E-01
 673  4.279E-01
 674  4.180E-01
 675  4.085E-01
 676  3.996E-01
 677  3.919E-01
 678  3.852E-01
 679  3.786E-01
 680  3.753E-01
 681  3.736E-01
 682  3.739E-01
 683  3.787E-01
 684  3.909E-01
 685  4.103E-01
 686  4.337E-01
 687  4.556E-01
 688  4.705E-01
 689  4.734E-01
 690  4.648E-01
 691  4.474E-01
 692  4.243E-01
 693  3.985E-01
 694  3.725E-01
 695  3.462E-01
 696  3.194E-01
 697  2.919E-01
 698  2.660E-01
 699  2.454E-01
 700  2.365E-01
 701  2.452E-01
 702  2.750E-01
 703  3.344E-01
 704  4.253E-01
 705  5.433E-01
 706  6.783E-01
 707  8.120E-01
 708  9.213E-01
 709  9.933E-01
 710  1.017E+00
 711  9.884E-01
 712  9.142E-01
 713  8.071E-01
 714  6.809E-01
 715  5.465E-01
 716  4.229E-01
 717  3.175E-01
 718  2.440E-01
 719  1.775E-01
 720  1.454E-01
 721  1.305E-01
 722  1.234E-01
 723  1.194E-01
 724  1.163E-01
 725  1.137E-01
 726  1.111E-01
 727  1.086E-01
 728  1.061E-01
 729  1.035E-01
 730  1.006E-01
 731  9.757E-02
 732  9.436E-02
 733  9.135E-02
 734  8.860E-02
 735  8.666E-02
 736  8.559E-02
 737  8.525E-02
 738  8.561E-02
 739  8.675E-02
 740  8.819E-02
 741  8.956E-02
 742  9.008E-02
 743  8.972E-02
 744  8.808E-02
 745  8.543E-02
 746  8.234E-02
 747  7.920E-02
 748  7.678E-02
 749  7.527E-02
 750  7.445E-02
 751  7.365E-02
 752  7.202E-02
 753  6.911E-02
 754  6.525E-02
 755  6.062E-02
 756  5.587E-02
 757  5.189E-02
 758  4.940E-02
 759  4.898E-02
 760  5.119E-02
 761  5.582E-02
 762  6.153E-02
 763  6.697E-02
 764  7.047E-02
 765  7.042E-02
 766  6.741E-02
 767  6.159E-02
 768  5.520E-02
 769  5.001E-02
 770  4.749E-02
 771  4.797E-02
 772  4.950E-02
 773  5.069E-02
 774  5.022E-02
 775  4.809E-02
 776  4.373E-02
 777  3.956E-02
 778  3.542E-02
 779  3.213E-02
 780  2.998E-02
 781  2.869E-02
 782  2.783E-02
 783  2.705E-02
 784  2.634E-02
 785  2.571E-02
 786  2.506E-02
 787  2.452E-02
 788  2.397E-02
 789  2.371E-02
 790  2.371E-02
 791  2.433E-02
 792  2.591E-02
 793  2.799E-02
 794  3.008E-02
 795  3.182E-02
 796  3.279E-02
 797  3.342E-02
 798  3.432E-02
 799  3.583E-02
 800  3.773E-02
 801  3.970E-02
 802  4.112E-02
 803  4.124E-02
 804  3.978E-02
 805  3.723E-02
 806  3.506E-02
 807  3.566E-02
 808  4.159E-02
 809  5.287E-02
 810  6.689E-02
 811  7.963E-02
 812  8.706E-02
 813  8.668E-02
 814  7.917E-02
 815  6.515E-02
 816  4.887E-02
 817  3.409E-02
 818  2.365E-02
 819  1.872E-02
 820  1.726E-02
 821  1.723E-02
 822  1.759E-02
 823  1.829E-02
 824  1.930E-02
 825  2.044E-02
 826  2.145E-02
 827  2.194E-02
 828  2.167E-02
 829  2.059E-02
 830  1.884E-02
 831  1.675E-02
 832  1.461E-02
 833  1.297E-02
 834  1.207E-02
 835  1.183E-02
 836  1.238E-02
 837  1.425E-02
 838  1.818E-02
 839  2.493E-02
 840  3.408E-02
 841  4.346E-02
 842  5.099E-02
 843  5.487E-02
 844  5.357E-02
 845  4.805E-02
 846  3.955E-02
 847  3.020E-02
 848  2.237E-02
 849  1.772E-02
 850  1.643E-02
 851  1.718E-02
 852  1.838E-02
 853  1.892E-02
 854  1.844E-02
 855  1.701E-02
 856  1.481E-02
 857  1.246E-02
 858  1.042E-02
 859  9.189E-03
 860  8.838E-03
 861  9.059E-03
 862  9.657E-03
 863  1.020E-02
 864  1.068E-02
 865  1.096E-02
 866  1.102E-02
 867  1.061E-02
 868  1.005E-02
 869  9.248E-03
 870  8.459E-03
 871  7.698E-03
 872  7.024E-03
 873  6.515E-03
 874  6.240E-03
 875  6.175E-03
 876  6.201E-03
 877  6.186E-03
 878  6.133E-03
 879  6.013E-03
 880  5.867E-03
 881  5.706E-03
 882  5.585E-03
 883  5.355E-03
 884  5.314E-03
 885  5.179E-03
 886  5.067E-03
 887  5.065E-03
 888  4.968E-03
 889  4.912E-03
 890  4.868E-03
 891  4.718E-03
 892  4.687E-03
 893  4.617E-03
 894  4.532E-03
 895  4.530E-03
 896  4.445E-03
 897  4.413E-03
 898  4.383E-03
 899  4.339E-03
 900  4.281E-03
